218 7
198 1
480 7
269 7
996 1
400 3
271 3
327 3
378 7
372 2
164 6
36 1
107 7
316 1
697 7
564 2
161 6
67 7
902 7
844 1
829 6
970 5
473 1
443 7
311 6
440 2
730 2
883 3
115 2
724 4
42 3
982 7
289 5
624 1
231 4
518 1
459 2
995 4
710 5
73 4
593 6
251 3
135 4
343 2
54 7
643 6
712 5
3 3
554 6
514 1
592 4
127 6
592 6
548 2
967 2
598 6
235 2
224 3
905 1
269 3
502 7
73 1
14 1
604 4
404 5
727 5
737 4
615 2
326 4
811 4
515 2
803 3
297 1
804 5
995 7
874 7
783 4
25 2
401 3
479 6
893 7
891 1
696 3
675 1
937 4
992 4
640 6
56 7
494 4
176 5
265 4
687 4
331 2
248 1
616 1
1 4
689 5
364 6
78 6
964 5
311 6
59 5
784 5
593 4
281 5
900 1
399 6
931 3
453 7
897 6
282 6
421 3
695 1
435 6
831 5
833 7
499 6
164 3
460 5
969 2
394 7
594 3
604 5
328 2
97 4
180 5
551 4
38 4
636 2
544 7
949 1
671 1
233 7
95 7
109 5
408 1
631 2
392 5
69 1
152 5
509 3
37 7
444 6
856 1
891 6
374 1
231 5
410 7
607 2
390 7
88 3
451 5
578 5
554 5
813 5
883 2
328 2
972 3
70 2
79 5
594 4
751 1
375 4
856 4
659 4
466 3
865 6
663 1
28 5
291 3
880 4
49 2
76 2
14 1
80 5
676 2
462 5
15 4
707 7
884 5
225 5
113 5
947 6
665 7
567 3
320 6
267 6
132 7
311 1
6 4
723 2
712 7
880 6
802 2
8 3
340 1
506 1
711 4
33 1
833 4
831 1
302 6
687 6
255 4
485 7
148 4
407 6
205 6
336 7
507 4
271 2
351 4
92 5
920 3
424 2
132 6
908 4
405 1
860 7
556 3
983 7
866 5
584 1
111 3
914 3
369 5
533 6
37 7
954 5
100 4
743 3
612 2
545 7
318 2
178 6
161 5
718 1
669 5
806 5
370 7
671 3
480 4
631 3
19 7
72 6
127 3
742 1
365 4
995 7
680 3
389 5
902 3
232 4
662 4
0 7
960 3
697 2
194 6
337 6
23 3
729 7
6 7
693 7
433 1
393 2
473 4
780 7
107 6
158 7
725 1
782 3
376 7
324 3
862 2
37 3
24 4
586 1
259 7
236 6
191 4
59 7
966 6
106 4
338 3
80 2
168 3
760 7
875 3
844 4
531 1
584 1
690 6
11 5
677 2
579 3
329 2
869 5
686 1
260 5
300 5
930 5
31 4
806 1
386 5
534 5
269 1
123 5
486 7
641 4
576 1
187 5
254 7
758 3
308 5
325 1
523 4
678 7
553 5
322 6
164 6
945 4
431 7
780 4
82 1
998 5
754 3
91 1
380 4
36 4
371 1
794 1
676 4
452 1
958 5
550 6
290 5
564 4
61 2
513 4
85 1
477 7
952 4
983 1
646 1
960 6
139 1
96 7
609 2
89 5
388 3
629 2
651 1
716 1
912 1
611 4
456 1
186 2
549 2
746 6
335 7
140 3
983 5
345 7
75 2
640 5
517 6
730 5
493 5
215 7
820 4
780 5
23 7
872 1
159 7
187 4
352 5
953 5
787 3
182 1
35 7
644 4
969 2
3 6
232 2
782 6
377 6
29 1
842 2
755 2
444 1
481 2
315 5
176 7
179 7
411 6
460 5
838 4
954 6
862 5
254 4
961 1
541 4
461 2
362 4
681 2
64 6
3 7
21 7
212 4
118 3
636 6
826 2
334 5
663 2
32 1
740 3
995 5
308 6
42 5
615 6
831 7
756 5
674 1
841 6
48 7
266 5
359 6
860 6
479 7
366 6
226 6
514 2
584 1
243 3
63 5
214 4
745 7
427 6
348 3
924 5
438 2
545 4
804 4
322 3
8 4
300 4
886 5
735 3
540 5
458 7
937 7
495 5
61 3
947 1
274 6
402 3
963 6
762 3
572 7
454 6
690 2
772 1
536 4
772 2
975 1
358 2
928 4
385 6
692 1
998 5
582 6
457 6
571 2
80 1
956 1
930 5
368 1
795 4
783 6
47 2
25 4
802 2
886 7
908 5
935 7
108 2
624 3
188 4
30 6
646 6
699 5
46 2
350 4
746 5
775 6
890 5
107 6
760 1
857 1
275 5
59 1
18 1
821 7
17 6
9 7
243 3
706 2
176 2
407 4
141 2
182 3
994 7
128 1
852 5
443 4
752 3
189 2
609 1
989 4
773 5
586 7
90 5
772 4
651 5
83 7
289 3
973 6
276 2
490 6
126 3
800 1
712 4
5 1
526 2
895 5
694 7
4 4
499 4
582 1
912 4
662 3
198 2
334 4
717 2
864 3
108 2
315 3
459 4
418 6
719 6
740 7
156 4
496 4
523 3
285 6
68 2
166 5
332 2
834 2
740 2
195 2
932 4
575 3
654 4
141 2
583 5
188 2
398 4
841 4
231 1
60 7
60 7
427 1
186 3
287 5
788 4
266 3
532 4
181 2
472 5
187 6
226 2
748 5
906 2
154 2
136 7
232 1
810 2
567 3
428 3
134 2
918 3
679 1
507 2
228 2
306 5
172 1
996 3
679 3
391 7
580 2
9 7
873 6
602 4
907 2
286 6
753 7
987 2
251 5
438 6
880 3
623 2
499 2
671 3
576 1
884 2
572 4
510 5
264 3
401 6
315 7
768 5
455 4
411 1
503 5
563 2
320 3
26 3
215 2
407 7
848 7
939 6
144 5
625 4
902 6
768 3
183 4
549 3
665 2
913 5
446 4
263 4
798 6
16 3
180 5
616 2
403 7
251 2
15 7
432 1
458 1
421 5
364 3
849 4
702 2
506 3
219 5
130 2
414 5
241 3
68 5
916 7
988 4
385 1
917 4
207 2
320 1
231 7
165 4
393 7
904 7
954 3
76 3
863 7
248 5
65 3
592 3
389 2
204 5
661 2
394 3
694 2
497 6
153 7
74 6
844 5
297 6
882 7
674 4
30 3
180 1
514 6
307 7
814 6
72 1
559 4
245 4
456 1
531 1
131 2
928 5
955 6
506 5
615 3
404 2
185 6
875 3
242 1
770 3
546 5
36 2
146 4
968 5
479 2
497 1
887 7
543 7
543 4
629 7
854 1
508 6
100 7
550 6
736 4
772 4
743 4
248 6
535 6
594 3
141 2
580 5
616 5
249 1
241 5
849 3
330 7
376 4
330 3
170 2
935 3
486 6
611 4
346 6
468 3
375 6
606 3
293 7
219 5
828 2
20 1
335 1
883 7
197 3
880 2
40 5
785 4
654 6
836 3
445 2
145 1
262 1
711 6
156 5
812 2
366 3
120 7
523 1
219 6
295 6
323 6
915 1
424 2
53 1
251 2
657 6
370 3
337 7
832 5
291 4
335 5
713 2
415 2
161 6
819 5
305 7
965 7
709 3
519 1
441 5
190 3
15 1
834 6
156 6
496 2
441 3
322 1
44 2
378 6
454 4
685 7
588 5
34 6
25 3
670 2
842 4
425 1
156 2
417 1
905 6
604 7
935 5
684 1
821 2
945 3
129 6
481 6
501 5
767 1
201 1
737 5
582 7
631 1
367 1
140 7
518 7
793 7
422 7
6 4
211 1
137 5
630 1
793 3
1 4
918 6
328 3
143 2
813 3
819 2
586 6
985 7
962 5
66 6
347 7
645 6
134 1
282 4
154 1
993 2
753 4
101 5
839 1
315 1
966 5
288 3
783 4
409 3
331 7
601 5
372 6
299 5
186 5
540 5
434 6
799 6
531 6
250 4
879 4
403 2
60 3
373 2
976 3
494 5
236 4
231 1
910 6
890 2
300 7
774 2
506 2
490 7
636 2
477 6
811 3
720 5
258 2
933 6
38 3
546 4
698 1
161 2
39 3
702 5
601 4
45 5
11 4
108 3
896 7
315 3
857 5
655 6
577 4
681 5
994 5
399 1
853 2
88 7
121 3
213 4
474 6
467 3
249 1
996 6
257 2
677 4
611 3
789 5
449 3
927 6
326 3
851 2
829 2
592 5
964 3
296 3
925 7
679 2
409 6
753 2
591 5
306 3
259 4
748 3
456 3
420 1
216 5
450 3
923 1
662 5
907 4
360 2
990 6
280 1
555 4
728 3
160 6
788 2
402 3
281 7
5 4
569 4
696 2
966 5
651 4
207 3
37 5
938 7
369 7
805 6
369 2
164 5
445 4
111 5
804 2
361 5
333 1
664 5
772 3
368 1
64 7
36 7
784 7
226 4
169 3
378 5
756 4
649 4
946 6
635 5
430 3
138 7
472 4
23 4
739 7
111 2
5 6
812 7
892 7
211 6
886 2
679 5
832 4
465 6
551 7
938 7
461 1
531 7
385 1
176 7
195 6
716 4
768 3
396 1
783 7
392 2
507 3
708 1
722 7
412 2
892 6
832 5
22 1
618 2
290 4
878 4
909 5
266 2
726 5
230 7
581 5
240 7
664 5
207 3
191 1
864 7
376 6
453 5
653 3
545 1
698 2
471 1
93 7
579 6
448 2
152 2
793 4
91 6
456 4
676 5
929 1
890 2
373 7
453 2
209 4
926 4
686 5
196 7
310 7
87 1
999 5
114 1
2 7
41 4
169 1
726 3
440 6
519 1
468 3
767 4
49 4
227 4
834 2
22 1
842 2
70 6
513 5
994 2
97 6
959 1
517 1
902 1
962 6
396 4
834 2
755 4
92 3
183 1
455 4
616 5
313 1
112 1
228 3
516 6
486 4
895 3
718 6
496 5
338 3
193 2
846 5
335 2
960 7
285 5
38 4
142 3
636 3
967 6
240 2
632 5
603 6
762 4
214 7
388 7
233 6
460 5
349 6
993 3
908 6
504 7
595 4
408 2
67 6
592 6
530 4
769 6
366 6
168 6
101 4
784 7
935 6
651 5
380 7
350 7
673 1
928 2
572 4
621 7
11 6
507 6
660 7
293 1
356 6
300 3
650 3
794 3
357 3
803 7
905 5
499 6
325 6
75 6
954 6
490 6
959 7
697 7
769 6
451 6
518 7
801 2
883 3
738 1
801 5
346 4
947 5
603 2
448 3
155 7
469 5
54 7
584 2
867 4
845 2
752 3
171 3
588 7
113 4
13 1
540 5
973 3
294 5
334 5
615 3
490 1
478 7
201 6
104 1
20 4
401 6
964 6
558 4
565 2
689 6
322 7
141 7
823 6
599 7
16 2
584 7
908 6
358 2
236 7
977 1
595 6
435 4
580 7
163 5
817 5
757 6
339 4
224 1
32 4
543 1
925 2
924 4
559 3
952 5
794 1
900 7
712 6
800 3
422 4
448 1
319 3
718 3
469 7
474 2
316 7
512 4
341 6
630 6
406 7
363 2
111 4
789 3
219 2
519 6
114 1
16 1
923 3
34 4
485 2
629 2
794 3
645 5
201 6
798 1
578 5
227 5
193 6
702 7
418 2
787 3
639 3
636 6
410 2
717 3
532 5
822 2
575 3
180 4
437 5
216 7
443 2
237 4
241 3
773 1
608 6
938 4
576 4
636 6
647 1
360 1
753 6
118 7
106 5
393 6
910 5
195 4
312 1
928 6
720 6
768 3
557 3
959 4
549 5
120 2
484 7
627 1
387 7
761 3
262 5
426 4
773 4
605 6
178 1
796 3
980 3
7 6
387 3
106 3
433 2
590 4
799 6
621 3
952 4
463 5
318 2
657 3
866 7
611 6
807 6
341 1
75 7
779 3
42 6
108 1
345 4
44 2
398 3
116 2
108 6
835 3
644 2
536 3
852 2
221 3
392 2
882 7
993 4
802 1
661 5
433 1
708 7
362 3
504 2
71 4
310 2
546 7
692 2
796 3
359 5
968 7
360 5
812 7
485 5
134 1
509 1
790 4
132 3
159 2
95 2
139 1
897 6
906 5
498 6
501 6
523 5
822 3
2 2
319 2
675 2
718 2
59 4
12 1
64 4
207 2
273 3
61 4
149 5
401 5
661 5
959 3
842 1
454 2
510 4
413 5
190 4
796 7
80 6
923 6
294 7
526 2
467 6
349 2
64 6
262 6
472 3
120 7
272 2
391 7
801 2
490 5
737 3
740 6
757 1
710 1
934 5
894 7
309 6
951 2
928 6
328 2
598 1
731 6
724 1
306 3
440 4
92 7
436 2
381 2
254 3
749 1
117 4
533 3
957 1
390 4
226 6
618 3
746 5
505 5
93 4
655 4
217 1
691 6
42 6
11 4
579 3
185 6
838 3
532 7
882 5
7 6
465 1
163 7
122 4
697 5
723 2
247 7
755 1
549 2
1 6
990 6
257 4
128 2
677 1
801 4
560 5
121 3
929 2
415 2
870 5
544 7
401 4
464 1
758 7
691 4
488 3
735 3
156 7
467 6
593 1
442 4
103 7
701 3
40 6
843 7
531 4
914 4
483 2
578 7
893 2
506 2
574 6
181 7
967 7
473 1
498 6
122 5
861 6
364 3
0 3
46 5
112 2
234 4
940 5
73 6
206 6
740 4
331 1
98 1
662 2
356 3
867 7
262 7
779 1
799 3
188 6
49 5
199 5
305 7
366 4
990 1
782 4
560 3
109 4
677 7
222 4
563 1
761 1
172 4
117 4
881 4
208 7
137 4
980 4
967 2
965 4
308 5
449 3
956 2
945 4
209 4
490 1
196 1
692 4
522 7
224 7
845 1
857 4
205 3
633 2
407 2
361 6
69 6
607 7
178 3
632 1
465 5
815 4
292 7
593 1
345 3
457 7
708 6
528 2
213 6
836 4
667 6
345 5
264 5
582 2
942 6
75 2
515 7
493 7
874 1
658 6
263 5
478 6
574 1
542 6
418 3
768 5
869 1
697 1
557 2
84 4
401 3
299 2
616 4
428 4
570 2
217 3
131 2
412 3
800 5
658 2
675 5
911 6
771 1
594 6
607 6
36 2
67 1
382 6
107 6
886 1
192 4
542 6
487 2
9 7
653 4
56 7
939 1
897 3
178 4
800 4
792 7
231 5
899 5
896 5
460 2
288 1
762 7
895 2
150 3
926 5
238 1
385 5
499 7
140 3
754 4
875 6
913 3
896 1
502 5
813 6
683 4
911 4
724 7
290 5
141 3
430 7
535 2
639 1
878 1
870 2
161 6
266 5
265 6
369 1
937 6
633 1
842 3
16 2
797 5
958 6
297 3
900 5
138 7
161 7
891 3
477 7
613 4
587 4
130 3
145 2
33 7
577 4
474 4
700 7
337 1
937 6
888 6
272 6
857 6
577 1
891 6
56 2
865 7
183 6
740 2
173 6
858 1
174 6
619 3
760 2
333 4
791 7
542 2
983 4
899 1
377 2
464 7
495 6
157 3
122 1
86 2
756 2
493 4
513 6
101 5
752 6
270 5
809 1
556 7
630 6
579 3
530 2
994 6
194 4
265 2
349 2
469 4
949 5
817 1
299 6
290 2
592 3
557 6
989 1
615 3
723 7
125 6
458 1
609 3
716 4
63 5
183 1
710 5
151 4
974 7
499 5
533 7
624 4
878 7
361 5
348 1
621 6
28 4
499 2
228 5
299 5
600 4
783 4
98 3
840 1
963 6
750 3
107 5
513 5
443 6
972 7
711 5
891 6
909 6
353 3
374 4
230 1
513 1
443 5
465 1
457 6
230 2
431 4
456 2
441 6
736 7
975 2
33 2
984 5
655 5
756 7
986 4
808 6
637 5
263 2
550 1
471 3
745 3
560 2
821 6
475 4
732 4
319 4
791 2
968 7
930 1
304 6
18 1
344 6
622 5
727 3
333 7
182 6
931 2
107 7
950 3
700 6
245 2
140 3
175 4
608 7
275 4
279 7
261 4
949 1
918 1
216 4
372 7
823 5
668 1
875 3
694 2
75 1
50 3
991 4
941 7
550 2
249 6
498 5
848 7
278 7
519 5
668 3
840 3
359 4
987 3
170 2
128 7
268 2
489 3
443 4
753 6
64 5
167 6
254 4
604 1
953 4
483 7
589 4
791 7
132 4
600 7
88 7
790 6
677 1
946 2
141 3
178 7
578 4
129 4
390 1
972 3
357 5
136 5
530 2
330 1
801 3
316 5
335 1
176 3
866 6
133 1
673 7
353 6
96 2
157 7
414 5
714 5
600 5
364 5
652 1
491 1
612 3
46 1
921 5
967 5
182 2
550 1
992 1
38 5
565 1
538 3
829 2
0 3
289 7
277 1
543 3
972 3
394 1
55 2
63 4
744 7
316 1
158 7
252 1
275 2
611 5
726 4
143 7
202 3
293 1
900 7
574 2
229 3
600 5
515 1
562 1
714 7
351 3
755 5
623 4
1 5
772 4
369 3
264 1
548 3
879 1
177 7
624 1
714 6
37 6
248 2
174 6
542 3
674 3
960 5
830 2
79 4
567 4
370 6
256 5
832 1
186 7
317 7
609 3
366 1
834 5
490 7
398 6
396 3
614 5
464 2
618 5
723 5
137 6
726 2
95 1
494 1
908 1
105 6
902 3
550 1
901 2
871 4
205 2
766 7
961 2
926 4
88 5
183 5
650 1
700 6
300 4
793 5
85 2
986 1
450 7
816 2
51 1
662 4
938 5
262 4
399 5
415 3
753 6
972 3
751 6
828 5
912 4
585 2
105 4
217 7
536 6
897 5
792 5
691 7
963 7
980 4
511 6
975 6
679 6
103 7
103 3
315 3
845 3
953 6
829 3
282 7
981 6
253 7
310 2
466 5
597 1
299 4
810 4
732 3
860 7
874 7
866 7
597 7
429 3
879 1
914 3
371 5
424 6
920 6
156 5
292 5
96 5
261 7
592 3
111 5
153 4
467 5
576 5
881 1
369 7
485 1
234 2
902 1
801 5
463 2
253 3
367 3
463 4
994 6
626 2
757 1
809 6
931 6
173 7
169 1
809 3
71 2
53 6
31 6
715 6
802 3
723 3
582 7
360 5
953 6
558 4
419 3
868 7
189 7
560 5
292 3
710 7
343 5
569 4
833 3
746 1
752 5
747 7
787 6
109 7
514 5
410 2
573 4
548 1
557 5
555 4
834 1
366 3
230 4
211 2
56 5
130 7
251 3
489 2
260 1
662 6
997 4
137 5
993 3
404 2
626 2
578 1
15 7
366 4
422 6
782 7
557 5
677 1
179 1
38 2
197 1
543 7
28 7
987 6
902 6
556 1
211 5
998 5
844 3
327 3
17 1
277 2
681 5
746 2
813 7
369 2
649 2
965 4
712 1
659 2
613 2
769 6
161 3
312 1
705 5
757 3
424 5
162 1
291 6
935 7
696 2
862 2
693 2
479 6
637 7
4 4
642 6
128 2
390 5
297 7
8 3
265 7
514 3
240 1
723 7
751 7
206 3
356 4
854 5
95 4
201 3
223 4
426 6
175 7
362 2
884 6
911 7
322 2
88 2
558 1
976 7
991 5
263 7
613 7
973 7
747 2
734 2
395 7
882 2
377 1
495 3
889 2
105 4
10 6
23 3
67 6
547 5
318 1
410 3
538 3
429 5
910 6
134 5
837 1
542 3
67 3
45 2
870 5
260 2
930 5
636 4
830 2
899 1
460 6
750 1
705 5
903 3
428 4
100 6
176 2
703 7
841 3
513 6
916 1
777 2
253 2
827 6
258 7
102 3
402 1
311 1
104 6
907 7
147 1
456 3
39 2
893 6
664 7
431 1
254 4
39 3
185 2
797 6
805 1
724 4
776 1
21 2
458 2
301 6
69 5
327 2
956 6
254 7
639 1
280 7
172 1
846 2
112 6
247 6
735 7
418 2
477 6
98 4
898 4
681 6
819 2
586 4
167 1
531 6
454 2
23 5
96 4
831 3
58 7
8 6
296 3
254 1
219 4
18 7
835 2
632 5
337 4
626 2
525 6
990 7
219 7
479 1
213 7
813 6
576 6
267 6
659 5
754 5
807 5
821 4
910 3
75 1
138 1
552 2
417 3
708 2
885 5
433 7
840 1
249 4
865 2
929 5
483 1
702 3
630 1
302 1
475 3
435 2
549 5
221 5
254 5
496 6
374 4
711 4
483 5
826 7
773 2
366 2
444 1
935 5
285 3
649 2
262 6
1 2
41 3
697 1
804 3
319 1
456 7
587 7
12 2
527 7
6 2
416 7
324 1
886 1
89 2
661 2
972 5
67 1
372 7
557 5
504 3
151 5
964 6
151 1
962 4
763 1
552 4
72 1
661 1
88 4
345 1
919 5
567 6
428 1
482 5
700 6
173 5
655 1
179 5
63 4
857 1
203 4
24 7
931 4
445 7
193 3
781 6
446 5
347 2
303 4
189 5
848 3
455 6
570 1
960 5
151 6
973 6
732 7
735 6
247 7
597 6
597 4
302 1
982 2
904 5
685 1
414 1
17 4
611 4
977 5
36 7
210 2
799 4
27 1
710 5
373 6
444 3
600 3
939 5
838 4
734 3
410 6
553 5
653 5
137 4
719 2
169 7
158 6
301 1
745 6
52 6
14 4
190 2
739 6
242 6
209 2
369 6
295 7
889 7
558 4
873 5
134 5
17 4
880 7
949 1
810 5
834 6
336 7
493 5
91 6
641 3
324 4
558 1
149 3
792 4
473 1
692 3
157 1
881 2
242 7
5 1
231 6
33 5
644 3
268 5
519 5
200 6
465 2
840 4
337 5
185 2
865 1
186 1
554 4
806 5
5 2
905 3
536 1
926 4
81 2
492 2
246 5
412 5
475 3
496 7
403 1
811 4
999 2
878 4
63 4
906 4
989 5
792 4
60 2
333 5
672 7
868 1
348 5
1 1
365 6
557 3
319 5
911 1
341 5
644 6
208 1
960 2
25 5
355 6
547 2
245 4
213 2
695 4
352 1
186 4
771 1
29 4
996 4
205 3
273 1
187 6
310 1
454 3
578 7
969 6
557 7
829 3
14 1
132 1
223 4
228 2
166 6
158 5
994 1
182 2
5 2
645 7
314 6
825 6
774 4
558 6
704 3
661 2
281 7
398 3
91 3
225 4
222 7
676 4
149 7
484 7
514 3
627 5
841 6
18 2
20 5
674 1
126 1
920 2
934 3
159 3
509 5
963 1
96 7
450 5
675 6
31 2
792 2
479 3
154 7
179 1
282 3
399 2
744 4
15 3
430 3
672 6
797 4
758 5
63 1
684 3
556 1
352 5
948 1
345 3
648 4
414 4
25 2
433 1
173 6
535 1
701 5
222 6
967 6
372 4
347 1
247 4
486 3
641 4
855 3
252 3
984 1
387 6
707 1
896 2
940 6
943 1
832 2
913 4
250 5
795 1
524 3
97 1
370 2
681 5
762 3
908 5
339 5
127 3
164 2
516 5
110 7
425 4
250 7
986 1
778 2
831 5
843 6
785 4
254 1
830 7
259 1
483 6
514 4
343 5
981 5
116 3
938 5
485 3
911 5
18 2
884 2
313 1
985 7
579 5
141 1
736 1
867 1
220 3
366 2
223 2
265 1
764 5
61 5
639 2
265 6
419 7
904 5
727 2
532 3
962 3
94 3
169 5
744 2
917 2
957 6
156 3
58 6
147 4
999 7
787 4
815 5
566 5
722 2
707 3
803 3
168 7
956 4
570 6
624 1
143 2
664 4
906 7
733 3
441 7
760 3
133 6
100 4
217 7
691 1
893 6
20 5
680 2
18 3
887 2
390 1
816 1
882 1
74 2
346 6
448 7
991 1
27 6
967 2
263 1
980 1
767 2
259 3
318 2
94 2
792 2
688 3
965 6
70 6
787 1
305 5
761 5
163 6
816 6
762 6
536 2
553 2
294 7
751 6
700 4
737 4
134 7
394 5
216 4
136 2
430 2
822 2
814 4
830 6
119 2
459 4
533 5
431 4
909 4
992 1
823 4
900 4
660 6
860 2
393 5
570 7
537 6
854 3
3 3
601 3
390 4
299 5
955 3
158 4
994 4
970 2
327 5
393 3
760 7
127 2
377 2
135 7
935 2
600 7
328 3
924 6
174 2
347 3
685 2
177 6
504 3
525 7
649 7
302 7
406 2
130 1
591 2
878 5
245 3
604 4
265 5
612 2
406 6
965 3
740 5
106 3
913 5
220 1
538 7
316 6
407 5
575 2
500 4
656 7
701 5
288 3
795 5
260 5
673 5
899 2
836 5
655 1
81 2
384 5
47 7
380 3
598 2
740 2
520 1
799 6
117 7
936 4
779 3
565 6
846 7
156 5
664 3
763 6
368 7
555 7
521 3
549 1
134 4
55 7
698 7
766 1
13 6
244 6
558 2
159 7
105 6
668 7
198 5
925 5
163 1
367 4
762 6
2 4
227 1
97 7
463 3
708 7
783 5
807 7
293 4
339 1
681 5
788 4
867 7
182 2
243 2
304 7
652 2
203 6
46 7
479 4
226 5
506 1
598 7
794 5
311 3
331 5
968 5
173 3
333 3
548 5
178 3
118 4
126 7
830 3
384 1
658 2
852 1
900 2
582 4
966 7
850 3
252 4
395 7
666 5
799 3
488 3
505 7
177 7
799 1
82 1
364 6
260 2
346 5
99 7
188 1
59 4
40 7
105 2
776 7
550 6
289 2
900 4
811 2
251 5
669 2
54 3
214 4
389 1
810 4
69 5
500 2
656 7
691 5
519 3
107 1
714 7
125 3
691 7
741 1
943 2
396 1
723 6
320 5
371 6
50 4
818 6
646 6
640 7
876 3
246 1
755 3
68 3
239 2
668 5
862 5
816 1
591 3
948 7
7 6
550 5
726 5
983 5
452 1
450 5
930 6
36 4
842 4
513 2
184 2
879 3
37 3
647 3
20 3
440 2
358 7
16 3
8 1
148 6
762 2
709 6
146 2
288 4
746 3
818 7
623 4
817 7
606 3
576 1
530 7
715 2
415 4
168 6
725 4
161 2
57 2
87 4
650 7
359 1
589 2
83 3
336 4
832 3
857 2
733 4
607 2
574 2
529 3
104 5
135 2
175 6
644 2
526 6
158 3
713 4
861 4
320 6
352 4
646 3
599 7
452 3
494 2
828 3
888 6
841 2
581 5
448 1
477 6
482 2
883 2
612 2
926 2
55 2
554 3
250 7
975 4
20 1
287 1
415 2
490 5
503 5
891 3
801 2
898 5
312 4
870 7
8 2
552 6
246 5
114 2
672 6
761 7
151 6
266 4
483 3
558 7
788 5
457 3
66 3
654 6
825 7
866 4
529 4
310 1
401 7
159 2
841 1
992 1
782 1
13 6
983 6
429 6
461 2
487 4
657 6
616 1
245 2
843 3
107 5
392 6
804 3
886 4
167 5
325 5
113 1
938 5
492 3
637 5
241 6
742 6
763 1
155 5
29 6
802 7
136 2
182 1
636 1
598 3
576 5
942 2
355 2
17 4
70 6
397 5
535 4
715 5
805 7
444 7
226 6
866 3
657 7
567 1
587 1
634 6
470 1
732 4
212 4
658 5
226 6
194 6
71 6
434 6
786 4
562 4
757 3
636 2
971 3
388 7
823 7
207 4
469 6
869 2
703 4
976 4
683 6
851 1
562 5
481 5
597 1
346 5
247 4
455 3
371 5
999 1
654 5
357 3
293 2
967 6
165 3
596 6
471 2
159 7
141 5
973 7
19 3
321 6
595 4
596 1
139 7
13 4
504 6
259 3
192 5
169 1
304 2
447 7
949 6
825 5
633 1
479 1
536 1
188 2
104 7
609 7
338 1
239 4
749 2
206 4
452 1
891 7
433 6
849 3
844 7
325 4
513 6
329 5
697 5
947 3
18 1
568 1
789 3
975 6
746 7
766 4
748 7
517 2
976 3
144 3
705 2
783 5
293 4
89 4
334 7
616 2
565 4
224 2
180 4
43 2
388 6
107 6
502 3
546 6
354 6
371 6
464 6
156 1
533 3
122 3
421 6
932 2
51 7
353 1
799 4
282 6
385 4
335 6
145 5
40 5
532 6
224 7
171 7
645 3
111 4
900 5
329 1
865 3
768 4
871 5
403 6
732 2
620 2
392 6
969 7
860 2
370 1
263 1
862 2
81 2
463 5
733 2
506 6
509 2
235 7
284 7
672 4
728 1
457 4
312 7
961 5
943 6
176 1
992 2
66 7
932 2
576 1
964 3
836 7
118 3
134 4
231 1
456 4
13 1
565 7
893 4
997 6
221 5
735 5
157 1
915 1
265 4
776 7
27 1
695 1
331 3
483 6
508 5
651 4
16 3
695 5
31 1
42 6
970 5
504 1
473 1
544 7
556 2
532 6
871 7
362 2
785 5
668 6
313 6
421 3
597 4
692 3
505 1
496 5
931 6
95 2
177 6
507 4
405 2
495 1
464 4
906 4
151 7
57 5
978 3
391 5
243 7
494 6
287 5
385 5
974 5
304 7
528 1
255 6
809 5
285 3
822 3
399 2
268 3
773 2
828 3
20 4
176 2
171 4
128 3
890 3
218 1
219 2
927 2
933 7
309 3
273 5
590 5
92 2
273 4
467 2
400 3
876 3
227 7
771 5
935 2
775 7
50 6
437 1
108 7
953 1
912 2
534 4
412 3
122 6
310 7
285 3
455 4
439 3
157 2
86 2
318 7
929 1
972 4
310 4
483 1
855 3
973 2
235 4
927 5
900 2
344 3
546 6
426 3
998 5
643 7
475 5
669 4
266 7
820 1
807 2
825 5
677 2
965 5
135 1
152 5
121 5
76 7
855 7
439 5
892 7
760 1
135 4
591 1
340 4
217 3
986 6
513 7
691 4
419 1
343 7
581 1
591 6
853 1
430 2
283 1
844 7
245 4
563 6
829 5
190 7
755 1
437 1
132 2
586 6
532 6
352 1
754 5
431 6
836 5
886 6
917 2
235 3
215 1
671 2
897 3
729 5
668 7
697 3
251 7
54 6
795 1
139 3
254 4
190 1
155 6
36 7
106 1
47 4
483 4
491 5
852 2
620 3
622 5
266 1
681 3
388 6
148 3
589 2
162 5
857 5
384 4
793 5
403 7
429 3
601 2
229 3
188 6
453 7
675 4
82 6
17 4
643 1
289 7
681 2
292 6
252 4
950 6
206 2
678 4
259 5
427 2
169 5
774 4
755 5
452 6
87 2
929 3
645 7
667 5
862 6
64 6
779 7
671 1
118 2
716 5
254 4
657 7
180 4
537 3
561 3
810 2
258 5
319 7
533 4
528 7
803 6
330 2
681 3
703 6
513 5
65 3
839 5
920 1
102 4
357 3
821 7
852 1
917 7
116 4
624 5
676 4
681 3
426 7
184 3
563 3
613 7
746 6
114 6
635 5
831 5
648 3
385 1
77 4
841 6
367 1
29 6
498 3
618 6
205 6
700 2
727 1
617 4
429 5
262 6
679 7
208 4
701 3
65 4
844 6
287 6
134 5
473 1
361 1
845 2
47 5
868 4
442 1
198 7
648 6
706 2
964 7
457 5
848 3
904 3
308 3
970 4
480 4
829 5
234 3
664 2
172 5
798 7
568 1
955 6
175 5
261 6
954 3
75 5
548 7
310 6
111 5
6 7
544 7
271 1
280 1
518 2
93 7
591 2
522 1
712 3
493 5
701 6
331 1
138 5
233 5
68 4
248 7
113 3
397 5
436 6
170 3
940 2
553 5
718 4
143 4
854 3
200 3
90 6
324 3
290 6
553 4
378 6
684 3
372 4
463 1
645 4
496 3
974 2
950 3
517 6
879 6
678 2
910 1
124 4
881 2
333 6
376 5
542 1
372 2
581 1
60 1
794 2
338 5
652 3
738 1
704 5
781 7
706 2
940 4
559 1
201 3
143 7
605 4
697 3
526 2
485 6
507 6
445 1
641 4
326 3
733 6
227 3
167 4
271 1
593 7
369 4
53 2
807 1
449 4
174 1
510 5
611 2
118 5
835 5
478 5
584 6
697 5
800 2
184 5
824 2
663 4
752 5
193 1
700 3
987 7
744 4
863 2
660 7
24 2
720 1
925 4
854 6
280 4
130 2
640 3
441 7
397 6
661 7
820 2
707 7
684 3
644 2
596 5
284 6
129 3
836 1
820 3
875 4
614 3
418 7
800 4
774 3
420 7
488 6
945 6
720 6
519 3
424 1
755 4
670 6
947 6
351 5
495 1
759 5
532 2
180 4
485 5
358 4
868 6
568 2
418 3
807 5
935 7
119 4
177 6
803 7
672 4
609 3
885 6
679 2
94 3
753 6
475 2
399 7
694 1
656 2
696 4
496 2
309 4
657 2
420 4
511 3
779 3
475 3
708 4
615 5
851 6
538 7
268 5
652 2
146 1
926 5
808 2
470 4
725 1
621 7
646 2
893 7
39 5
695 6
562 6
898 4
312 4
805 1
174 2
592 6
735 5
447 3
334 2
578 6
617 1
82 5
813 1
699 6
713 2
76 5
393 4
540 4
411 5
878 4
577 2
133 1
217 5
827 6
488 4
937 1
422 1
862 4
261 2
118 6
70 3
764 1
78 7
951 1
459 6
316 5
186 2
333 7
808 3
941 1
424 2
182 5
840 4
350 1
97 2
346 1
934 3
830 7
393 2
614 3
498 7
244 3
505 7
939 1
65 6
600 3
526 5
295 7
692 4
780 7
497 5
94 4
805 1
356 4
651 2
447 4
452 5
782 4
663 4
559 7
466 5
830 5
700 1
904 5
564 5
668 4
274 6
186 7
885 3
851 3
527 1
169 5
11 4
996 5
210 6
776 5
254 3
966 2
665 5
845 3
786 5
801 4
735 2
690 4
976 2
412 1
101 2
668 2
87 1
104 3
561 1
682 2
605 2
437 4
348 6
607 5
78 4
46 3
311 4
310 6
946 7
752 2
823 6
60 1
390 4
383 1
24 7
438 5
832 1
616 5
952 5
890 3
203 4
203 2
775 7
713 2
570 5
138 6
519 7
935 7
537 4
824 1
127 3
616 7
819 2
764 1
443 1
68 5
977 6
450 7
322 6
289 4
746 4
752 3
512 6
96 3
375 3
933 5
333 6
1 4
681 1
907 5
233 6
464 1
971 4
762 2
521 2
138 6
792 5
167 4
652 6
640 3
297 6
293 4
611 5
207 7
222 5
97 1
997 5
324 1
297 7
589 5
122 5
659 6
558 6
577 7
21 4
622 4
721 1
143 3
899 4
832 5
476 6
750 7
622 2
875 3
149 4
424 2
783 2
531 1
617 2
623 2
444 7
175 5
903 3
58 7
359 1
473 3
987 5
658 4
980 6
221 7
52 7
867 6
991 3
709 2
636 2
111 3
156 3
179 5
27 1
573 6
561 5
978 7
449 4
3 6
251 5
827 2
643 7
254 4
691 5
497 4
390 4
468 6
593 7
616 2
882 4
976 3
611 5
175 3
728 4
827 7
868 5
723 2
771 2
245 1
974 7
163 2
360 3
204 2
911 5
543 3
886 3
934 5
426 1
573 3
29 3
847 7
56 4
291 6
914 2
609 6
462 3
908 7
658 5
241 3
131 7
238 3
415 1
824 4
639 5
334 3
461 1
807 1
591 6
828 2
537 3
947 4
883 7
893 5
814 7
141 7
299 1
322 4
140 1
406 5
699 4
169 5
990 6
179 3
648 4
886 3
650 7
26 3
100 1
98 6
650 7
488 2
404 2
652 3
396 3
102 1
268 3
259 5
882 7
174 3
391 5
682 2
202 2
731 3
652 5
984 5
359 5
531 2
263 4
252 6
971 7
427 4
21 6
873 2
346 6
320 3
336 6
222 5
449 5
848 3
626 5
912 3
47 5
84 2
153 4
401 7
269 6
80 3
585 4
216 1
773 7
872 1
816 1
899 2
679 3
717 1
423 3
742 6
361 5
526 3
864 2
928 6
472 7
23 7
711 7
766 5
808 2
310 1
587 7
124 7
734 3
800 5
579 7
310 4
687 1
78 6
313 5
884 2
536 4
630 7
177 5
730 3
381 4
301 7
804 6
30 2
332 6
658 2
624 5
440 3
451 6
563 6
456 6
984 7
869 6
949 2
451 5
933 4
9 7
402 4
916 3
247 7
168 5
162 6
361 6
954 2
314 1
518 6
930 4
979 2
559 1
921 5
546 7
291 2
475 2
842 3
689 3
626 3
634 1
576 6
901 7
822 5
626 4
467 6
408 6
987 6
74 1
831 7
723 1
451 3
148 7
566 3
625 1
982 5
490 4
370 7
901 3
467 4
511 3
376 3
898 1
938 5
138 7
437 5
199 1
235 4
576 7
640 2
895 2
399 4
780 6
431 6
603 6
47 3
621 4
569 6
571 6
83 3
842 7
78 4
587 3
327 3
751 5
262 6
747 4
570 7
443 1
228 3
260 5
324 2
27 5
804 6
601 1
68 7
217 6
608 7
726 3
500 6
773 4
720 1
207 7
734 7
779 2
99 5
308 7
959 7
216 6
553 7
41 2
816 2
39 3
66 4
97 3
185 6
81 1
325 3
720 6
257 5
777 6
637 1
974 7
562 4
980 3
419 2
522 4
914 1
757 4
638 7
224 7
643 4
215 4
789 2
776 3
776 5
417 7
741 6
109 4
433 6
916 4
690 6
273 5
672 5
750 3
167 7
213 3
582 6
358 4
892 7
6 2
186 2
584 5
279 5
576 3
833 4
321 6
101 7
610 6
365 6
948 4
117 7
969 4
575 5
621 1
697 4
928 1
271 5
215 7
82 2
402 3
514 3
208 5
371 7
725 6
835 4
816 1
251 7
217 3
872 6
763 4
41 7
429 7
129 7
5 4
722 4
954 2
972 4
463 4
665 6
689 2
615 1
337 2
423 4
768 3
548 1
132 6
354 4
837 1
171 3
302 6
592 5
777 5
788 5
355 6
270 5
627 1
124 4
941 3
675 4
197 2
742 7
686 7
676 4
626 3
853 1
468 5
780 6
187 5
43 7
254 1
810 6
680 7
78 1
449 4
698 6
144 1
57 4
948 2
600 5
647 3
935 7
568 5
403 1
192 7
785 2
551 4
125 6
725 3
732 1
331 5
457 2
981 2
392 5
237 5
66 6
772 3
122 2
403 6
319 4
982 6
462 5
442 2
576 7
194 5
681 6
770 1
80 4
140 3
396 6
845 2
856 3
239 5
833 3
589 4
888 4
426 4
791 6
864 6
180 2
436 6
332 1
375 5
250 3
927 2
380 7
711 5
80 2
984 4
24 2
399 4
81 6
461 6
394 6
728 3
787 3
498 3
366 3
690 5
827 6
949 5
166 4
826 1
607 2
418 5
315 3
175 2
876 5
879 7
678 4
233 5
867 4
849 1
860 3
421 2
313 3
187 7
648 7
402 1
25 7
991 5
432 6
486 2
511 3
165 3
218 7
708 3
608 4
955 1
497 6
777 2
199 3
538 7
917 7
535 5
103 6
214 2
296 5
471 2
369 4
16 7
513 7
900 1
51 4
510 1
33 1
352 5
440 7
271 5
879 1
50 2
555 5
644 5
879 7
407 5
356 5
893 4
369 7
225 5
667 3
345 3
708 6
514 3
67 2
93 4
339 4
427 3
22 7
976 3
731 7
21 2
908 1
55 7
285 2
186 3
265 6
369 3
307 2
734 7
230 5
878 7
382 2
187 1
615 5
755 3
521 7
725 7
250 1
590 7
135 3
867 1
707 7
148 7
319 2
854 7
940 3
242 4
824 3
629 7
524 2
650 7
879 5
445 1
295 7
681 6
253 6
678 3
503 7
281 4
685 7
529 2
191 1
807 6
126 2
40 1
930 7
116 4
148 7
554 1
55 6
630 2
592 6
851 4
202 2
346 6
565 6
305 6
904 2
950 6
158 5
544 7
910 7
783 2
224 7
396 5
360 6
959 4
590 1
753 6
745 7
159 4
164 7
642 6
529 7
622 2
726 1
735 7
958 6
594 5
684 7
915 4
667 4
789 5
773 2
474 5
530 3
959 1
412 7
629 1
711 4
959 7
861 4
187 7
582 2
47 1
36 3
936 1
863 7
117 5
524 5
83 2
823 3
167 1
522 3
184 5
59 1
453 5
781 7
80 1
656 5
866 1
107 3
898 2
959 5
948 2
99 7
914 7
900 5
611 6
776 7
957 7
297 2
807 1
277 5
444 3
431 3
326 7
472 3
694 6
799 2
663 4
267 5
61 5
873 7
53 4
707 6
194 5
243 6
703 7
592 6
847 2
585 4
572 3
750 5
742 6
159 6
302 1
612 7
617 6
301 3
728 7
423 2
345 5
337 2
309 1
229 4
55 1
642 2
781 2
466 7
861 5
279 6
701 6
220 4
211 3
423 6
600 7
298 2
259 3
636 3
92 7
89 6
718 6
961 7
415 7
707 2
786 4
720 4
780 5
540 5
588 7
497 2
236 1
154 4
514 3
949 4
391 3
747 2
80 4
568 1
76 1
470 4
21 2
49 4
671 2
685 1
360 3
885 1
373 7
486 7
35 4
42 1
463 5
240 5
266 3
528 7
808 3
921 2
882 2
833 5
101 2
465 7
536 1
62 3
871 5
320 5
351 2
747 4
717 1
250 6
362 5
119 3
225 3
335 2
145 3
813 7
956 6
648 5
604 7
455 6
4 6
56 7
381 4
416 2
581 1
290 2
459 5
922 1
601 7
933 5
632 3
595 7
776 5
891 2
683 4
633 2
994 1
307 4
187 5
233 3
318 4
136 3
529 7
313 4
637 2
456 7
34 4
758 7
554 6
111 4
826 1
833 7
731 5
163 2
322 3
832 4
761 5
650 5
592 4
238 5
276 1
189 2
199 6
943 1
361 3
238 7
54 3
88 7
120 2
850 5
593 3
220 3
845 4
640 4
87 2
453 6
270 2
128 6
206 4
271 6
976 1
461 2
962 3
372 1
908 2
64 6
78 4
329 2
369 5
460 6
559 6
13 7
113 7
528 4
491 4
307 5
601 1
308 1
852 4
228 1
508 5
648 3
960 5
29 5
845 6
524 4
232 7
449 7
611 4
903 6
329 4
116 5
417 2
847 7
965 1
204 6
376 7
41 4
681 6
933 1
58 7
381 1
774 7
988 5
802 2
91 4
21 4
666 1
51 3
301 7
896 7
421 5
877 7
810 1
983 5
337 7
860 5
777 7
332 3
219 5
459 1
2 3
143 6
867 3
434 2
125 5
190 5
522 2
680 2
288 5
849 3
275 7
794 2
17 1
351 2
830 4
611 4
517 4
170 6
111 6
596 5
109 5
210 4
144 5
742 7
314 5
482 6
852 4
687 1
943 3
550 7
828 4
861 3
655 7
217 6
945 1
981 7
960 7
794 7
619 6
814 4
322 4
168 4
445 6
573 1
745 3
484 7
306 5
709 3
885 1
704 1
582 2
528 2
168 5
156 1
203 3
296 6
160 3
654 1
506 2
237 3
917 5
549 5
343 1
918 2
573 5
274 3
442 1
6 5
180 5
369 1
496 6
280 7
48 1
860 2
26 6
502 1
741 6
517 3
445 6
626 2
85 2
626 1
717 4
958 7
476 4
228 2
343 6
833 1
805 6
556 4
67 6
940 6
194 5
837 1
25 3
476 1
762 5
65 5
684 5
748 5
987 4
142 5
253 4
484 2
259 4
76 4
457 6
165 6
744 2
999 1
701 6
659 4
411 2
506 7
117 5
505 4
102 2
827 1
501 6
839 4
100 7
510 2
604 5
470 2
857 3
592 2
601 6
659 3
738 1
466 7
456 5
777 2
348 1
47 5
437 5
257 7
838 5
321 5
555 2
872 2
101 4
468 5
410 5
654 3
272 2
154 1
690 7
790 6
393 6
344 3
844 1
536 6
402 4
178 5
288 7
751 1
825 7
450 4
759 1
167 7
145 2
19 7
848 5
762 7
818 1
628 2
221 1
943 2
483 4
128 3
512 7
893 6
665 5
849 7
783 4
378 5
60 3
783 7
908 5
26 6
677 4
362 5
316 2
546 6
454 7
852 6
338 1
240 1
424 1
188 3
809 3
312 7
390 2
861 2
533 6
538 2
272 1
875 1
186 6
319 4
392 4
199 4
847 6
239 7
735 7
470 2
926 7
585 7
407 3
517 7
834 7
689 7
90 6
139 2
195 1
993 1
301 7
890 4
421 1
274 3
435 6
18 7
421 3
428 6
339 4
760 5
905 4
159 1
580 1
92 6
350 3
819 6
653 7
787 5
144 2
108 5
237 6
168 6
55 3
997 7
455 6
791 7
785 7
462 7
732 3
891 2
13 7
32 6
198 6
659 6
97 3
259 5
30 6
942 5
422 6
648 3
953 4
815 6
649 3
940 2
283 2
887 2
77 4
223 3
303 7
324 2
532 2
685 7
864 4
294 5
755 6
420 7
116 7
523 7
13 1
165 4
614 5
845 2
216 1
795 3
395 1
583 1
460 1
927 3
158 4
76 3
495 3
701 7
479 4
311 3
76 7
324 3
475 3
938 7
371 6
875 1
964 7
734 7
265 7
100 6
4 6
702 7
152 7
63 2
984 6
911 7
797 4
276 2
468 2
726 5
289 3
80 7
49 4
781 5
730 2
509 5
654 2
364 4
49 5
556 5
323 6
652 5
299 5
975 7
185 6
966 7
989 7
543 2
139 3
181 5
960 4
109 4
129 6
507 7
55 4
174 2
293 6
154 7
513 5
271 6
431 6
219 5
341 2
252 1
422 5
754 4
222 6
217 3
122 2
974 5
860 1
432 4
490 4
954 6
593 6
452 1
761 7
339 5
929 3
536 2
516 1
370 4
746 6
914 1
297 2
645 2
534 3
678 2
627 4
581 5
537 5
777 2
100 2
194 6
75 3
522 1
761 5
328 4
115 7
175 2
818 6
290 2
635 4
5 6
838 3
525 1
614 1
594 5
828 5
780 2
294 4
576 2
873 3
385 4
448 3
627 3
75 5
166 2
345 7
551 6
29 4
838 4
837 2
909 5
42 7
604 1
610 2
879 2
518 4
355 1
511 3
587 7
728 6
293 1
540 3
796 5
704 1
710 4
239 2
452 7
388 6
815 6
807 6
968 6
49 4
931 2
326 1
410 7
766 6
402 3
791 5
344 1
27 7
353 1
343 3
825 4
33 5
888 7
736 2
520 3
146 7
395 1
741 4
4 3
296 5
171 4
604 1
803 7
793 2
967 4
967 2
877 7
106 7
418 4
181 1
175 5
432 4
440 7
455 2
284 1
869 3
124 2
447 6
794 5
410 4
970 7
351 7
233 3
672 1
421 6
705 3
557 7
254 7
115 2
370 3
441 1
749 6
370 3
166 7
656 3
474 6
925 7
545 7
245 2
79 5
759 7
315 6
998 5
236 6
760 5
690 4
400 1
368 1
314 6
660 7
20 5
231 7
165 2
632 1
692 3
918 4
702 4
636 2
764 6
479 7
254 5
35 6
567 4
10 2
655 1
163 7
673 4
845 4
229 5
381 4
324 1
759 5
312 1
43 3
714 4
7 6
750 5
6 3
159 6
437 7
324 7
383 7
532 5
667 7
887 7
455 1
542 7
58 7
815 7
769 2
370 4
480 3
530 6
265 3
792 7
855 4
680 5
650 2
312 5
988 4
169 3
598 1
986 4
611 5
254 3
797 2
865 1
0 2
124 4
839 4
745 4
322 5
379 2
837 5
647 7
385 3
967 2
703 4
696 4
331 4
264 7
158 7
182 7
228 1
485 2
528 1
841 6
880 2
230 7
464 3
970 4
282 5
738 3
121 2
513 7
721 4
78 2
15 1
707 7
933 2
919 4
825 4
882 2
392 5
447 2
333 2
652 6
669 2
598 5
377 5
55 2
268 7
571 2
16 5
345 1
466 6
778 5
786 1
979 7
206 4
90 4
721 7
58 4
857 6
749 6
208 5
849 6
453 2
854 4
897 2
104 6
833 2
443 7
851 3
414 2
442 7
971 6
679 2
735 3
873 4
605 4
456 1
566 6
187 3
78 1
489 1
250 3
835 6
768 3
629 7
611 5
120 1
894 3
197 4
762 7
982 7
78 2
941 2
922 5
100 1
520 5
9 3
914 2
501 4
777 6
366 7
560 3
497 1
778 5
905 2
487 6
936 5
788 5
308 7
925 4
717 5
810 4
241 2
703 5
642 7
293 2
237 3
901 6
692 7
781 4
253 1
524 6
679 4
44 5
842 6
823 4
186 1
73 7
144 5
214 7
68 2
366 7
941 4
742 6
229 6
202 7
814 1
755 1
99 4
104 4
602 2
119 2
90 4
610 7
698 4
50 6
241 1
406 4
523 5
334 5
836 2
418 3
200 6
28 2
899 1
641 5
503 7
88 6
310 4
743 1
294 6
481 6
678 6
581 4
139 4
74 5
282 3
316 2
237 1
79 7
568 2
897 4
748 4
18 4
243 2
214 3
732 3
810 6
371 5
547 2
490 2
100 1
105 2
562 6
526 6
449 3
642 5
80 7
51 4
793 6
2 6
669 4
962 3
571 7
613 2
523 2
266 6
689 2
21 4
879 5
600 4
919 1
472 6
35 4
202 3
712 3
6 7
907 1
546 2
984 1
783 1
756 4
219 1
538 4
730 6
503 2
200 4
747 1
81 3
138 2
893 6
205 7
140 4
290 6
197 2
462 6
49 6
324 7
761 6
930 6
832 3
415 3
211 2
570 3
847 7
794 5
565 3
45 7
68 1
803 2
723 6
285 6
976 3
596 4
506 5
850 7
376 5
510 5
953 6
647 6
729 1
473 6
689 7
888 1
156 5
284 3
825 2
868 1
76 3
741 5
892 7
246 7
402 3
780 6
282 4
274 1
277 7
736 2
790 2
268 2
101 1
866 3
223 3
32 5
95 3
139 3
804 5
232 7
560 7
775 3
346 4
114 6
13 2
973 5
356 4
870 7
895 6
291 7
735 3
699 4
360 3
28 4
631 3
647 7
52 7
790 1
335 3
772 4
880 1
802 6
168 4
724 1
542 6
239 6
990 5
180 1
909 6
62 5
362 4
675 3
335 2
491 6
29 5
531 2
876 1
313 5
253 1
535 1
823 4
795 3
54 4
595 3
302 2
973 4
996 1
214 6
113 3
687 1
790 5
973 7
438 3
168 2
461 1
902 3
738 6
750 5
348 7
555 2
894 3
844 5
991 7
392 5
922 2
914 5
500 5
428 3
407 1
539 3
813 4
173 4
949 3
408 6
385 5
577 4
514 5
603 6
783 3
736 4
290 7
312 3
694 3
744 2
817 5
411 2
338 5
487 2
274 1
710 7
97 7
796 4
676 1
317 4
804 7
998 5
970 7
723 5
783 1
85 4
842 3
241 4
758 1
645 6
114 2
195 3
501 6
387 6
166 3
578 5
6 4
898 1
650 5
302 3
35 1
481 2
912 5
820 6
112 6
908 5
341 7
260 1
793 6
180 5
581 3
146 4
878 7
875 6
403 3
64 3
995 5
355 5
46 1
703 2
496 3
211 6
743 4
342 7
984 3
694 5
436 5
428 1
677 1
275 2
824 5
38 6
949 4
911 3
935 5
178 1
994 2
708 2
705 7
676 6
797 2
28 6
218 1
554 5
884 3
707 7
999 2
60 7
258 1
763 3
756 1
390 3
60 6
816 1
50 5
266 4
566 5
896 1
34 4
961 5
27 6
667 7
471 1
863 5
249 1
258 2
344 3
74 7
195 3
872 4
773 4
191 3
582 1
579 4
530 6
157 6
896 3
709 6
25 6
882 6
329 4
403 3
760 7
668 5
687 2
872 3
766 4
884 6
480 1
71 4
483 7
140 3
273 1
454 5
494 1
74 6
734 3
148 4
798 7
175 2
701 2
473 1
184 4
58 4
627 5
257 4
448 5
602 3
430 7
508 1
594 4
826 4
59 1
740 4
417 7
41 6
773 2
583 4
964 1
333 3
528 2
993 3
684 4
584 4
24 4
388 7
264 5
158 7
616 4
429 2
52 3
234 4
256 3
930 7
367 4
72 5
452 2
125 5
464 5
872 2
167 6
427 6
469 1
911 6
426 5
108 6
880 2
990 1
217 2
133 4
622 6
691 4
342 4
924 1
424 3
60 3
586 3
389 3
817 7
159 7
345 6
452 2
867 4
931 7
46 4
291 6
918 6
587 3
799 4
587 2
598 4
617 5
648 5
378 5
883 7
827 3
300 3
441 1
395 2
933 3
442 4
692 6
174 3
228 6
632 3
846 2
798 4
725 5
890 6
912 3
717 3
242 7
373 4
283 1
837 1
251 3
764 6
308 5
952 1
393 4
434 5
342 1
349 5
938 2
56 6
273 2
564 1
70 5
316 4
379 4
825 1
691 2
797 2
596 2
204 7
336 7
498 5
958 4
301 4
671 7
520 4
80 1
305 6
692 1
28 4
147 7
604 4
212 3
803 2
538 3
206 1
416 2
689 4
115 3
942 7
365 2
753 6
387 7
564 2
16 7
84 7
484 2
622 7
11 3
5 7
451 2
62 1
815 2
172 1
188 3
302 4
911 5
974 6
401 4
468 3
552 4
772 3
11 5
692 2
311 5
153 7
976 4
10 6
237 5
660 7
621 2
657 3
458 3
625 7
831 3
263 5
408 4
934 5
354 6
169 3
995 2
770 2
263 2
927 2
823 5
225 5
133 6
701 3
163 5
228 7
266 4
378 5
595 2
565 2
162 4
482 4
433 2
351 3
644 4
659 2
327 5
809 4
10 6
309 5
296 2
528 4
182 5
659 4
642 5
71 7
340 1
458 7
616 1
220 2
101 4
879 3
728 1
575 4
332 6
787 5
789 1
373 5
223 4
244 7
53 7
504 3
419 1
840 5
111 6
818 5
227 5
605 4
148 7
793 6
932 6
970 4
342 7
193 3
836 6
789 1
841 5
447 3
473 2
717 2
936 7
421 2
632 4
372 2
73 4
483 5
587 3
487 1
209 4
603 2
326 3
927 2
218 7
499 1
454 5
508 4
861 1
151 6
57 4
194 3
516 5
419 7
366 6
687 2
155 6
852 5
400 7
284 3
309 7
992 3
888 7
490 3
412 2
377 6
79 7
845 3
322 2
483 6
314 3
28 7
119 7
605 7
608 3
705 7
664 4
422 1
59 4
999 4
857 3
481 1
590 7
561 1
382 1
135 6
927 1
120 5
943 1
80 1
133 7
629 5
840 6
54 3
518 5
873 1
119 2
770 4
574 1
507 2
197 4
466 7
437 1
19 6
750 2
874 1
378 5
693 4
149 4
442 7
939 6
305 1
137 1
457 3
153 2
46 3
450 4
164 6
350 7
814 1
183 5
606 3
846 7
114 5
568 3
42 3
714 4
159 4
377 3
172 4
465 1
745 7
449 5
861 3
761 2
617 7
881 2
266 6
772 6
653 4
882 6
571 4
565 2
431 6
750 7
90 7
775 1
273 3
236 1
841 7
642 7
5 5
76 2
661 3
824 5
466 5
421 6
202 4
358 4
18 5
902 1
86 7
161 1
453 2
312 7
432 5
53 1
812 1
319 1
200 2
645 6
146 5
729 3
359 7
963 6
600 6
939 4
213 7
588 3
475 7
427 7
619 3
497 3
158 3
433 5
25 7
674 5
410 2
504 3
648 1
896 2
177 6
836 6
929 1
358 4
73 3
220 1
528 7
783 7
76 2
54 7
952 1
950 3
112 5
324 2
34 6
375 1
523 1
855 5
456 6
872 1
766 6
326 4
219 4
273 4
724 4
434 7
758 1
836 4
375 2
64 3
385 1
6 1
382 6
23 1
997 4
367 5
6 3
467 5
563 6
962 6
432 1
733 3
818 2
721 1
390 2
122 5
699 1
774 5
509 7
464 3
419 5
456 3
148 2
111 2
927 5
502 3
991 6
540 3
554 5
622 5
237 6
575 5
49 3
468 7
66 5
967 2
713 6
297 1
885 2
109 2
946 5
179 1
290 1
718 5
4 7
550 4
986 1
742 3
708 4
10 1
965 2
978 5
296 6
486 2
859 4
47 4
154 4
119 2
699 5
323 6
897 5
591 1
443 2
166 7
216 1
914 7
831 3
416 5
909 1
636 3
387 6
635 3
729 4
963 1
726 3
152 6
645 7
62 7
218 3
874 7
296 3
136 1
480 6
437 2
832 3
105 4
479 1
96 4
126 1
834 1
144 3
500 6
924 7
88 2
598 6
767 1
169 5
772 5
399 1
257 6
363 6
422 5
439 3
418 6
713 1
693 3
663 2
397 6
323 7
589 5
924 2
284 4
576 4
272 1
995 7
676 5
343 4
149 6
30 2
110 5
866 5
210 2
828 4
798 3
303 3
225 2
945 5
547 7
514 7
883 1
404 4
493 7
396 4
713 1
581 5
98 6
142 4
310 5
88 6
611 7
771 3
726 2
367 3
396 6
705 6
305 7
558 4
48 2
986 6
171 3
310 2
423 2
568 7
17 3
857 4
668 6
317 3
102 1
605 7
802 7
508 5
51 7
706 1
385 1
317 5
672 3
488 7
884 6
493 6
201 7
269 2
462 7
983 5
584 5
618 2
334 5
120 1
815 2
78 6
990 3
197 1
337 7
811 5
659 1
36 6
266 4
564 7
224 4
977 7
878 4
713 6
467 2
528 6
231 5
375 7
626 4
438 5
393 7
319 1
552 5
59 6
60 3
676 6
937 3
338 4
892 5
311 2
822 7
923 2
473 3
145 5
650 1
102 3
791 2
50 7
507 1
302 6
739 5
285 7
227 3
480 7
510 4
146 2
552 1
256 1
278 3
506 2
488 6
907 2
598 2
129 3
998 5
364 6
146 5
863 4
106 4
985 2
385 6
704 6
840 4
219 1
341 4
243 5
471 4
813 6
204 2
402 5
145 2
663 2
634 4
209 5
271 3
984 7
696 1
643 3
458 7
203 7
575 2
703 3
631 4
316 3
637 4
469 1
469 5
944 6
611 3
350 7
984 1
527 1
510 5
854 6
172 1
769 2
625 5
988 5
811 5
5 4
128 4
142 4
836 3
866 2
971 7
171 2
396 6
383 4
204 5
772 2
350 7
855 1
54 7
581 4
723 7
758 1
518 4
54 3
999 1
484 3
541 7
144 2
175 1
592 7
351 2
222 4
196 4
674 7
658 1
991 4
544 4
21 4
727 2
951 2
130 4
478 5
179 2
865 6
37 5
960 5
538 2
757 4
618 3
839 1
598 3
603 2
466 1
572 5
521 3
535 3
210 7
681 1
396 6
879 1
244 5
896 2
135 7
771 3
509 2
621 2
919 2
459 6
748 7
472 5
154 6
983 3
626 4
951 5
563 7
814 1
935 1
916 7
25 3
446 3
784 5
761 7
382 1
549 3
851 6
138 2
372 1
272 6
763 4
284 6
879 4
939 3
482 7
558 5
990 6
656 5
474 6
901 2
546 2
906 7
720 2
400 7
55 5
993 7
615 6
638 3
865 7
298 2
606 1
766 6
813 3
799 1
957 5
557 4
733 6
111 6
397 5
579 7
52 4
754 7
661 1
434 5
99 1
143 6
630 3
850 3
350 2
701 4
957 3
508 3
406 4
758 4
53 4
648 4
560 2
815 2
649 2
847 3
903 1
675 2
125 4
709 6
541 4
565 5
730 1
58 2
737 6
532 3
224 1
22 2
103 1
207 2
174 7
587 5
37 5
868 2
817 3
732 6
366 4
359 3
744 7
3 1
733 4
561 3
372 5
209 1
270 3
546 4
306 7
765 5
398 6
384 4
414 6
204 3
41 1
463 5
738 6
173 1
407 6
723 5
726 6
73 1
818 2
636 3
952 4
166 3
262 4
172 1
297 1
877 4
287 5
721 7
374 5
794 5
982 4
479 1
610 7
698 1
341 1
6 2
185 1
524 4
287 4
118 1
683 4
54 1
970 1
793 7
306 7
921 7
933 6
62 6
204 2
501 5
116 1
790 7
947 4
376 6
60 5
954 6
687 6
959 3
516 4
127 6
170 4
188 5
415 3
847 3
620 6
345 1
250 5
963 1
400 6
515 7
619 4
55 2
386 4
282 2
425 7
160 6
184 5
714 6
63 4
605 6
510 2
686 3
369 1
108 2
204 4
392 4
179 7
963 2
815 5
750 1
188 5
290 6
473 4
846 7
641 4
187 1
842 3
237 5
245 2
682 4
145 2
582 1
193 3
59 4
686 6
978 7
853 4
605 2
74 3
183 5
85 6
785 7
416 3
340 5
898 4
498 5
842 1
395 6
452 7
216 7
813 3
181 7
677 2
135 1
510 7
510 7
854 7
729 1
16 1
388 3
720 6
17 1
944 7
102 3
342 1
557 6
617 4
291 3
490 4
926 1
394 7
140 2
20 3
226 4
841 4
375 4
704 2
91 7
758 1
444 5
924 4
474 2
742 7
609 6
963 3
374 6
895 3
793 7
277 5
961 1
167 5
33 2
418 6
88 3
552 5
749 2
910 1
41 5
78 1
123 5
558 7
164 5
387 4
394 1
475 6
585 5
359 3
594 3
897 3
748 3
713 1
851 1
173 7
206 7
145 4
436 4
327 4
293 7
135 4
173 4
845 2
215 4
418 4
783 5
955 5
456 5
35 3
127 5
990 7
5 4
420 4
125 5
787 4
278 4
689 2
121 1
308 2
683 7
882 6
822 4
830 1
207 6
560 7
71 4
763 6
821 1
277 3
791 1
925 2
245 2
736 6
771 3
431 1
396 1
893 3
139 5
881 5
292 3
222 7
424 1
104 4
320 7
667 3
782 2
454 6
173 4
990 7
238 7
759 7
176 4
546 4
611 1
364 1
441 4
449 4
609 3
530 1
449 5
994 7
506 2
111 7
458 3
424 4
259 3
155 5
222 4
184 6
277 3
700 2
976 5
133 2
101 5
430 1
285 5
940 6
647 2
490 6
416 6
180 7
0 2
293 6
180 7
869 4
713 6
586 5
559 3
402 1
566 5
276 1
120 5
344 3
306 5
24 5
40 6
189 7
671 3
941 7
164 6
587 1
953 3
933 4
651 3
876 4
936 1
68 3
79 6
53 7
163 6
544 4
742 6
853 5
175 7
953 2
41 7
318 6
183 4
214 1
955 6
883 6
456 6
71 6
790 7
890 3
30 1
278 4
909 2
223 4
733 6
988 1
303 1
879 5
133 7
907 7
479 6
856 3
572 1
845 1
595 1
164 2
312 4
428 5
623 5
758 5
636 3
385 2
78 6
587 3
779 3
425 7
982 5
632 6
515 5
212 7
31 6
632 1
572 7
1 1
820 3
29 2
938 4
961 7
648 6
487 6
612 3
570 2
515 6
754 7
5 5
343 6
276 4
795 2
204 5
234 7
794 2
390 2
389 2
571 6
371 1
368 2
316 6
721 2
413 7
505 4
810 2
807 7
210 1
173 2
814 5
127 3
455 5
300 2
756 2
82 6
74 5
138 1
85 5
404 2
744 3
685 3
794 3
337 3
696 2
804 7
592 5
682 7
73 4
212 4
477 5
308 5
741 5
813 1
999 2
535 3
477 4
112 6
676 5
997 4
989 6
412 3
172 3
269 5
549 2
701 7
744 1
33 4
229 4
44 3
181 3
111 2
704 2
829 5
119 5
47 1
15 1
493 2
576 4
859 6
984 6
439 5
193 2
267 7
103 6
387 7
269 2
89 7
974 5
728 1
524 4
233 2
819 5
113 4
139 5
448 1
630 4
255 1
941 2
469 6
942 1
441 1
812 3
277 5
626 1
455 2
925 7
95 5
996 5
588 5
671 1
844 2
915 3
232 2
142 1
216 7
262 6
707 7
642 6
708 7
191 1
499 4
144 5
669 4
154 6
551 3
902 1
327 6
872 7
2 6
19 3
315 5
241 6
925 3
970 1
790 4
496 5
920 5
838 4
320 4
942 6
797 6
317 5
319 6
594 1
443 6
557 7
39 1
975 5
71 2
505 7
602 1
53 4
941 5
448 6
751 6
648 7
423 1
765 1
947 1
690 1
761 4
545 1
695 1
842 6
706 3
970 7
734 1
20 4
316 2
169 4
306 6
225 5
129 3
317 1
215 1
316 6
413 5
829 3
798 7
442 4
439 1
940 5
906 3
49 1
695 2
188 7
358 5
555 2
613 1
487 1
353 7
954 4
61 7
568 3
822 2
727 1
620 5
399 2
150 1
946 5
106 5
959 6
83 1
520 3
565 3
728 2
171 7
766 1
352 1
450 5
398 6
494 4
225 4
50 1
675 1
96 2
985 1
629 5
564 4
958 7
154 1
152 7
879 1
841 1
362 5
240 4
829 5
472 5
996 7
244 1
184 6
725 2
619 7
452 3
977 1
591 3
931 1
183 3
536 5
770 5
462 2
700 5
803 3
730 4
51 1
422 3
187 2
494 4
422 6
137 2
762 2
579 3
375 7
372 3
186 4
922 7
779 4
942 4
414 3
7 4
676 7
197 3
192 1
216 4
15 3
920 1
353 3
303 1
978 5
447 6
510 7
812 5
145 2
978 7
476 7
926 1
812 4
12 4
909 2
283 4
421 3
557 1
546 6
896 2
25 6
432 7
464 6
656 2
142 5
270 1
529 5
442 3
873 3
625 6
392 2
28 4
270 3
980 7
793 6
408 7
27 6
7 4
516 4
527 6
790 4
575 4
166 7
566 4
733 4
437 1
788 4
864 5
630 6
346 5
930 3
918 5
564 7
642 2
234 2
982 6
782 7
298 7
472 3
798 2
539 2
98 5
55 7
258 1
644 1
764 1
946 3
402 4
282 3
860 3
969 3
819 6
515 7
40 7
93 6
424 1
30 3
841 4
846 5
978 6
400 4
912 4
721 3
667 2
593 4
157 2
696 5
704 3
172 5
50 6
239 6
363 5
394 6
427 7
276 1
772 6
914 5
456 3
848 3
4 1
845 3
120 1
689 3
24 5
409 3
978 5
70 4
279 3
150 5
589 5
472 2
20 5
149 7
806 1
192 6
96 4
193 7
196 2
7 5
572 1
212 7
988 5
130 7
945 6
790 6
212 5
427 6
451 1
347 1
751 3
750 1
208 7
7 1
605 1
102 1
613 1
473 2
71 7
342 6
348 7
827 5
970 2
342 2
152 5
293 3
564 5
428 5
847 1
616 4
139 4
849 1
33 3
81 1
978 2
847 1
328 7
39 7
439 1
188 2
935 2
775 7
312 4
35 5
309 5
71 2
146 1
592 1
216 1
37 5
441 5
344 6
454 1
480 3
986 5
735 5
874 4
890 4
347 2
581 4
150 2
841 7
858 7
14 1
88 3
534 4
140 5
461 3
831 6
199 7
42 1
89 4
663 2
75 4
349 6
346 7
223 1
779 4
682 3
408 7
515 1
423 7
337 4
794 1
937 2
661 3
269 6
732 1
622 4
438 2
12 2
49 7
600 7
45 7
708 1
947 4
427 7
828 1
651 5
286 5
862 4
602 4
506 4
184 2
88 7
797 5
531 6
324 6
438 6
754 1
223 3
130 6
863 2
283 7
455 1
458 1
839 2
742 6
887 5
96 1
189 1
653 6
176 4
223 3
963 1
247 6
20 7
752 1
292 7
12 1
95 4
931 1
789 2
825 4
518 5
917 6
574 7
723 7
428 6
503 6
172 5
385 1
515 3
49 5
610 2
236 2
541 3
284 6
670 2
901 3
447 3
789 7
87 6
209 1
118 6
7 2
229 6
495 7
871 6
626 2
626 7
204 6
935 2
730 6
231 1
752 4
852 3
981 6
34 6
151 1
606 1
685 3
257 2
712 2
68 2
50 2
97 1
374 1
571 4
135 7
849 7
843 5
246 4
352 5
189 4
29 4
990 6
646 5
549 3
844 5
610 6
485 7
295 6
787 1
518 6
521 1
249 2
926 7
283 6
391 6
151 2
235 7
854 5
995 5
798 3
661 5
148 4
786 7
623 3
870 1
385 1
993 3
507 7
511 7
643 6
261 7
556 1
588 4
403 6
88 4
278 7
81 7
144 1
19 4
808 5
492 6
981 7
195 7
917 3
456 2
548 3
851 3
91 6
907 6
528 6
331 2
483 5
795 5
729 6
269 2
176 6
799 7
386 5
668 2
725 1
195 2
552 6
526 4
261 2
362 1
419 4
587 6
552 1
358 4
285 2
820 1
361 7
910 1
926 4
799 2
961 4
187 7
496 3
722 7
656 5
213 4
503 3
606 3
280 7
889 1
380 3
290 7
779 4
152 1
802 3
183 4
670 5
552 7
461 6
871 1
649 6
286 5
508 5
574 2
37 4
898 1
361 2
84 3
225 6
892 3
392 7
746 5
75 7
371 3
982 6
217 3
879 7
47 2
380 4
335 1
649 4
93 3
595 4
871 1
154 2
682 3
897 1
659 5
574 1
618 6
889 4
675 4
837 1
823 6
224 2
373 2
114 3
389 2
918 6
360 6
538 6
747 1
306 1
996 4
169 1
673 3
898 7
784 6
666 6
802 3
154 2
615 6
136 3
111 6
917 5
250 3
91 2
594 6
374 4
910 7
913 1
655 4
112 5
232 3
371 1
231 6
726 4
150 1
483 6
685 4
884 7
668 3
262 5
193 5
976 5
561 6
566 2
837 5
126 1
164 2
108 2
701 5
981 7
152 4
879 6
328 2
646 3
749 5
47 2
204 3
152 1
605 3
678 2
29 4
319 7
237 3
301 2
412 4
58 7
250 2
192 7
783 6
276 3
835 1
898 7
48 6
709 7
409 2
637 1
134 5
224 7
954 4
168 1
185 2
992 3
135 1
136 6
606 4
882 4
718 2
630 4
660 6
884 4
82 2
468 1
993 6
420 5
2 5
93 1
133 1
958 4
649 3
423 5
937 1
873 6
324 2
972 7
789 3
489 2
31 3
560 6
565 5
938 4
934 7
468 6
607 6
179 1
313 6
635 2
273 3
829 4
644 1
726 1
985 4
232 7
939 1
313 7
914 5
979 4
917 2
338 2
520 4
724 7
791 4
858 1
473 6
304 4
225 2
898 4
195 4
74 3
941 2
186 4
219 5
902 4
563 1
131 7
599 5
834 5
806 5
986 1
654 7
345 1
413 7
878 2
745 4
104 6
876 4
223 6
952 6
194 1
407 5
916 3
899 7
981 7
558 1
952 6
983 7
901 6
827 5
10 3
859 5
818 7
825 6
795 1
141 4
408 6
303 1
858 6
239 6
945 1
772 6
220 4
556 5
327 5
758 6
336 4
207 3
447 7
451 5
498 4
692 6
20 5
202 7
702 6
974 6
533 1
116 4
252 1
482 7
991 1
606 1
541 1
778 5
472 1
249 3
593 6
925 1
852 4
572 7
942 7
694 4
389 4
516 3
902 2
698 1
376 6
597 6
545 3
182 2
31 2
674 3
732 1
777 4
857 4
947 7
179 7
439 4
981 4
91 4
774 4
319 4
110 1
4 5
712 2
95 6
949 3
552 4
966 7
737 2
685 2
178 5
355 5
521 4
999 4
584 6
690 4
839 4
614 1
663 4
821 5
460 3
454 5
541 4
718 4
21 4
910 5
183 3
583 4
267 7
975 3
256 6
547 1
633 4
250 7
917 7
510 4
96 4
904 4
614 1
913 2
942 2
428 3
162 5
227 2
518 6
949 7
906 4
319 7
988 1
599 2
322 4
810 3
940 5
994 3
32 7
253 2
528 2
934 2
805 4
554 5
578 5
173 7
273 5
950 6
810 4
414 2
465 5
111 2
734 5
60 3
508 3
276 3
398 3
923 2
368 7
133 6
504 5
907 5
92 1
590 6
308 6
451 1
265 5
761 4
654 4
90 1
947 6
43 3
118 5
231 6
259 6
869 7
652 1
96 4
347 2
864 4
100 2
20 2
732 3
459 7
669 3
306 1
861 3
431 5
261 2
181 2
101 5
644 1
0 1
728 4
225 6
814 4
679 5
941 6
756 4
194 1
340 6
235 3
410 4
563 5
155 5
442 2
385 6
565 7
736 7
941 2
969 1
136 6
67 1
671 1
282 6
614 7
449 7
835 7
74 5
686 7
250 7
929 5
74 3
205 1
691 5
47 4
630 3
604 1
425 5
559 5
889 6
535 4
449 1
179 1
710 4
912 1
126 7
401 1
638 6
281 7
574 4
415 2
468 3
724 1
133 3
952 2
108 4
349 6
598 7
627 5
978 3
215 4
576 7
152 1
6 3
47 3
854 4
913 2
695 6
539 3
869 7
201 6
131 5
236 6
104 5
234 7
225 1
918 7
794 2
340 7
214 6
957 7
267 6
464 3
368 3
722 1
632 3
134 7
882 4
988 2
415 4
327 3
501 3
340 6
649 6
661 5
874 7
159 2
971 7
672 4
225 2
548 2
922 5
493 1
217 6
109 5
166 6
751 5
764 6
506 5
327 7
251 6
909 4
304 3
83 3
973 6
396 4
264 7
137 1
656 5
676 7
283 2
53 5
25 5
64 5
355 1
631 7
890 6
264 4
479 5
60 7
807 6
447 6
910 4
594 7
482 6
390 7
802 1
917 6
623 4
219 3
704 5
944 7
874 6
287 1
171 1
602 4
125 3
188 6
320 2
86 1
675 7
509 6
451 1
7 6
970 6
26 3
528 2
140 7
860 4
856 4
862 6
147 4
453 1
131 3
140 5
57 1
303 1
768 1
388 2
842 6
104 4
981 5
923 4
359 5
736 1
877 3
737 2
508 3
488 4
404 1
673 1
899 6
830 4
529 3
103 5
626 3
711 4
725 7
430 1
584 2
655 6
16 3
288 2
746 7
458 6
697 5
687 2
122 2
871 6
577 1
137 5
54 5
488 4
101 4
331 3
77 1
353 6
128 6
107 5
481 1
199 4
10 4
403 2
47 6
529 2
338 5
691 2
797 7
962 5
392 1
339 2
178 5
261 1
612 7
867 7
716 3
18 5
13 4
194 6
152 5
956 4
466 7
938 6
334 1
384 1
29 2
727 5
800 1
715 4
304 3
113 7
744 7
232 3
732 4
367 6
896 3
82 3
541 7
981 3
918 5
673 5
390 6
66 5
858 7
730 3
894 2
113 5
366 1
811 4
909 7
876 6
790 6
260 3
61 1
381 4
974 5
124 2
471 7
906 7
804 4
883 2
351 7
810 4
608 2
54 2
221 6
354 7
268 7
88 2
448 4
220 6
125 1
206 7
990 7
687 7
680 3
110 7
969 3
168 4
227 7
989 1
729 1
672 6
864 2
830 7
250 6
36 3
221 1
150 5
947 7
642 6
826 5
411 6
355 5
155 2
254 2
751 1
191 1
549 2
654 2
345 1
556 2
724 1
866 5
753 7
549 3
697 3
304 5
587 6
844 5
2 3
149 4
529 7
398 2
825 3
943 1
601 6
884 7
81 6
657 2
957 2
906 4
628 6
996 3
190 6
115 4
982 3
417 5
708 2
478 4
842 6
918 4
272 1
139 5
83 1
545 5
808 1
480 5
928 2
950 5
679 3
379 2
496 3
988 6
581 3
367 4
301 3
782 3
488 4
401 6
727 2
984 3
857 5
323 1
590 1
673 7
922 6
316 5
379 2
180 4
400 6
410 4
622 2
768 2
520 4
45 5
743 1
917 3
999 3
224 2
344 2
963 3
752 5
101 2
943 1
521 1
391 1
300 6
518 7
634 1
631 7
252 3
87 4
507 6
870 4
768 6
417 7
737 5
885 2
57 3
524 2
868 4
786 6
196 1
271 3
392 7
198 5
79 2
978 4
447 4
67 5
764 4
295 2
674 3
436 6
235 4
35 6
465 1
765 3
710 6
654 2
287 4
118 4
248 2
447 7
689 3
750 5
734 3
256 3
220 7
33 5
645 5
160 7
930 4
691 4
84 1
413 3
2 2
543 5
744 6
797 5
215 2
441 7
791 4
504 3
167 1
232 3
877 2
149 7
438 3
104 3
603 1
761 4
373 4
842 6
650 2
923 7
137 7
376 3
839 3
956 5
198 2
226 2
724 1
752 6
597 3
298 2
546 6
747 4
672 4
646 3
814 7
158 1
32 5
613 4
465 2
94 1
377 7
910 5
502 3
104 1
510 2
420 7
243 5
131 3
323 2
396 7
977 3
836 3
931 6
55 3
507 6
681 7
501 6
556 4
64 5
230 2
51 2
417 2
34 3
519 3
884 7
444 3
649 2
519 5
3 7
746 6
38 7
408 1
391 3
158 6
724 2
809 7
718 7
855 2
758 2
795 6
408 3
530 7
668 6
211 3
288 7
843 6
845 1
244 4
344 2
671 7
367 5
804 6
594 6
253 5
285 1
210 1
585 1
637 1
476 5
471 4
208 1
108 5
211 2
644 2
10 5
248 4
362 2
437 1
135 4
3 4
553 5
628 1
393 2
820 4
962 3
234 5
687 2
488 7
0 3
677 2
308 5
638 5
166 5
353 3
841 4
692 5
719 3
326 1
946 1
304 6
405 3
603 1
590 2
899 1
909 3
982 2
121 7
901 7
679 5
318 2
717 7
861 2
647 7
875 3
200 5
843 7
963 5
860 1
517 4
390 3
391 2
57 4
513 5
541 6
461 3
8 1
305 7
448 3
461 6
445 6
517 6
0 3
841 6
472 7
709 7
464 2
481 2
982 2
491 2
340 2
472 2
711 3
93 5
449 2
684 5
177 2
957 7
459 6
622 7
31 4
87 7
980 7
986 3
553 1
733 3
648 6
732 4
320 5
891 1
975 4
91 1
93 5
216 1
927 3
449 4
800 6
803 4
530 2
625 1
415 6
142 6
756 5
591 7
206 5
769 7
782 7
553 2
340 3
193 1
703 6
253 2
57 1
380 3
76 6
45 1
711 6
318 6
866 2
573 4
82 3
11 7
865 1
886 2
11 4
997 4
174 7
85 2
213 5
449 7
319 2
116 7
878 5
337 3
519 4
754 3
525 6
198 1
585 2
528 3
859 2
221 2
712 7
416 7
572 5
988 7
877 2
565 7
342 2
82 2
132 4
468 7
616 2
229 5
875 2
360 2
243 7
377 1
433 6
28 2
135 6
196 2
445 3
971 5
875 7
949 4
923 6
485 7
364 4
313 3
334 5
403 2
332 3
520 4
112 7
795 1
715 5
679 3
964 6
846 2
618 5
562 7
482 2
593 3
330 5
226 6
765 7
310 6
781 7
968 6
10 4
184 3
682 2
177 2
338 7
605 6
933 2
377 3
671 5
997 2
798 6
161 3
752 3
771 3
36 4
608 1
626 3
217 3
179 5
609 1
281 3
33 7
326 2
950 7
57 2
366 5
4 4
103 1
683 2
620 4
313 3
880 3
592 5
56 2
805 5
931 7
154 4
663 7
940 4
672 7
600 6
212 1
642 1
705 1
14 3
844 3
659 4
443 6
861 2
800 6
574 2
888 3
318 3
774 4
158 6
887 5
267 5
380 4
376 5
942 6
572 6
831 1
311 6
664 1
772 1
820 2
216 1
914 4
750 5
34 1
780 1
482 6
115 2
467 6
273 5
18 1
189 7
189 6
721 6
304 5
640 6
953 1
786 3
253 7
179 5
200 7
872 7
425 4
454 2
384 2
688 2
569 5
993 2
560 3
784 7
149 4
292 1
141 3
727 5
920 7
946 4
841 6
648 2
382 2
418 6
439 3
207 4
946 3
913 6
577 5
598 5
203 7
479 1
987 5
97 5
136 3
731 7
576 2
484 4
886 1
102 2
962 3
464 5
946 6
840 1
445 1
543 1
162 4
703 4
909 7
415 4
635 3
710 6
159 1
672 2
975 3
950 5
391 7
839 1
354 6
69 3
141 1
37 7
8 1
644 1
918 7
798 4
305 1
166 2
949 1
781 6
200 4
906 5
127 2
626 2
242 7
690 4
246 7
596 6
968 1
35 6
285 4
529 6
354 7
447 3
677 4
119 5
194 3
960 2
77 1
866 4
442 4
5 2
407 5
541 3
396 6
420 3
864 5
946 3
83 7
723 2
901 3
725 2
274 2
841 6
198 1
779 5
241 2
909 1
712 1
849 1
706 7
260 4
327 1
791 4
583 3
906 6
552 3
60 3
94 6
966 2
881 6
867 6
191 2
214 5
717 7
864 4
762 3
710 4
908 7
626 3
571 4
746 7
784 6
199 7
597 2
422 6
943 5
731 5
858 3
495 4
700 6
819 6
975 3
802 1
752 6
296 1
287 4
544 5
412 2
765 2
432 4
520 3
147 7
572 6
582 4
441 4
72 4
582 5
571 3
913 1
770 5
249 5
49 1
371 3
400 1
146 7
82 2
131 2
873 3
40 3
815 7
288 1
779 7
103 2
513 5
797 -2
113 -3
405 -1
815 -1
998 -3
136 -3
704 -3
426 -2
920 -1
317 -2
35 -2
312 -2
947 -1
672 -2
793 -1
676 -2
768 -2
18 -3
255 -1
246 -1
24 -3
689 -2
63 -2
233 -1
17 -2
547 -2
237 -1
307 -2
669 -3
674 -2
11 -2
855 -1
211 -2
710 -2
830 -1
979 -1
745 -1
966 -1
874 -3
773 -2
525 -2
590 -3
396 -1
573 -1
923 -1
875 -3
699 -3
196 -1
667 -1
179 -2
834 -1
886 -3
323 -1
53 -2
726 -3
440 -1
786 -2
927 -1
723 -2
803 -2
555 -1
602 -3
682 -2
838 -2
587 -2
274 -1
883 -1
661 -2
710 -3
872 -1
870 -3
923 -2
271 -3
575 -3
128 -3
67 -3
30 -3
276 -3
283 -2
982 -2
796 -3
342 -2
429 -3
212 -1
329 -3
258 -1
279 -1
993 -3
759 -1
777 -3
112 -1
354 -1
474 -3
18 -1
733 -1
386 -3
905 -3
64 -3
965 -3
679 -1
418 -2
291 -3
890 -3
456 -3
385 -2
49 -2
700 -1
799 -3
374 -2
397 -3
938 -2
823 -2
873 -2
138 -3
197 -1
499 -3
696 -3
954 -3
431 -1
201 -3
301 -3
372 -1
981 -3
906 -1
614 -2
986 -3
752 -3
61 -2
330 -1
461 -2
332 -1
334 -1
177 -2
818 -1
851 -2
376 -1
33 -1
745 -2
279 -3
188 -1
483 -1
42 -3
121 -3
340 -3
429 -3
818 -2
541 -3
739 -3
882 -2
457 -1
761 -3
468 -1
315 -2
602 -3
526 -1
814 -3
551 -3
663 -1
508 -2
775 -1
776 -2
175 -2
73 -3
966 -3
133 -3
982 -3
913 -2
534 -2
661 -3
258 -3
8 -2
237 -3
386 -3
735 -3
15 -2
515 -1
931 -1
956 -1
381 -1
258 -3
27 -3
460 -1
528 -2
62 -1
999 -3
960 -2
555 -2
652 -3
582 -2
749 -3
615 -3
761 -1
121 -1
101 -1
880 -2
41 -2
600 -2
758 -3
220 -1
209 -3
466 -2
240 -1
968 -3
724 -2
4 -2
837 -2
487 -3
802 -1
517 -3
966 -2
132 -1
171 -2
360 -2
78 -3
930 -2
521 -1
410 -1
614 -2
725 -1
235 -1
928 -3
955 -2
83 -1
556 -2
982 -1
483 -1
928 -2
668 -3
583 -1
157 -2
797 -2
255 -3
496 -1
916 -2
728 -2
42 -2
321 -1
926 -2
615 -1
812 -1
977 -1
251 -2
216 -2
982 -3
62 -3
227 -1
682 -3
685 -2
213 -2
37 -1
682 -2
879 -3
174 -3
8 -1
740 -2
574 -1
786 -1
395 -2
308 -3
329 -3
4 -1
305 -2
691 -3
719 -1
620 -1
823 -3
756 -3
898 -2
453 -2
483 -2
793 -2
832 -3
996 -2
261 -2
293 -3
475 -1
947 -2
621 -1
203 -1
711 -3
978 -1
661 -3
133 -3
131 -2
744 -1
973 -1
909 -1
836 -1
822 -2
635 -2
804 -1
588 -3
448 -1
572 -3
335 -3
446 -3
918 -3
186 -3
34 -2
64 -2
741 -3
858 -1
861 -1
210 -3
322 -3
325 -2
767 -2
842 -1
475 -3
227 -2
662 -1
541 -1
492 -1
463 -3
927 -2
107 -3
380 -1
988 -2
133 -3
201 -3
951 -1
93 -2
564 -2
568 -1
824 -2
634 -1
602 -3
272 -1
746 -3
301 -3
498 -3
33 -2
917 -1
378 -1
871 -3
863 -2
22 -3
850 -3
72 -3
195 -3
965 -3
944 -3
742 -2
829 -2
8 -3
286 -3
392 -3
243 -2
668 -1
684 -2
737 -3
932 -1
335 -2
490 -3
192 -1
79 -2
173 -2
841 -3
949 -1
704 -3
641 -3
741 -2
608 -3
25 -1
309 -2
83 -1
68 -1
866 -2
690 -1
987 -3
433 -3
894 -3
236 -2
74 -1
420 -2
88 -3
891 -3
802 -1
629 -1
712 -3
970 -2
267 -3
470 -3
900 -2
670 -2
203 -1
421 -1
815 -3
720 -1
331 -2
60 -1
243 -1
360 -2
721 -1
0 -1
135 -1
498 -1
444 -2
120 -1
921 -2
899 -3
568 -3
181 -1
725 -2
479 -1
330 -2
145 -1
953 -2
892 -3
902 -3
45 -3
771 -3
133 -1
386 -2
847 -1
890 -3
948 -3
103 -3
800 -1
902 -1
54 -1
842 -3
363 -1
38 -2
719 -2
805 -3
519 -3
597 -3
14 -3
456 -2
456 -2
329 -1
681 -3
403 -3
425 -3
726 -3
362 -1
982 -2
368 -2
809 -1
434 -3
202 -1
171 -3
626 -2
330 -3
747 -3
398 -1
149 -1
466 -1
519 -1
731 -3
758 -2
669 -3
130 -3
404 -2
243 -2
70 -3
864 -2
822 -1
781 -2
304 -3
78 -3
534 -3
746 -3
420 -2
170 -3
426 -3
802 -2
232 -3
509 -1
758 -2
115 -2
338 -3
161 -1
241 -1
891 -1
313 -3
121 -1
879 -2
401 -3
28 -2
632 -2
177 -3
940 -3
222 -3
667 -3
611 -3
142 -1
3 -2
821 -3
428 -3
231 -1
768 -2
885 -2
518 -1
188 -2
997 -1
805 -3
779 -3
986 -2
644 -3
548 -1
800 -1
167 -3
921 -3
436 -2
247 -1
273 -3
962 -2
992 -2
566 -3
463 -1
991 -2
814 -3
493 -2
266 -1
641 -1
612 -1
50 -2
788 -2
832 -3
656 -1
184 -2
935 -2
345 -2
888 -3
413 -3
913 -1
436 -2
831 -2
214 -2
625 -1
565 -1
80 -2
157 -1
572 -1
396 -3
213 -3
277 -3
557 -1
867 -2
118 -3
174 -1
290 -3
4 -3
453 -1
622 -3
815 -1
776 -3
55 -1
705 -2
230 -1
679 -1
15 -2
566 -3
802 -3
867 -1
958 -1
555 -1
170 -3
539 -3
746 -3
366 -2
684 -1
605 -1
188 -3
329 -2
492 -3
522 -3
773 -1
415 -1
306 -2
427 -2
765 -2
614 -2
760 -1
766 -1
319 -3
39 -1
312 -1
480 -1
685 -2
833 -2
415 -1
171 -2
172 -2
174 -3
77 -1
614 -3
202 -3
237 -2
48 -3
202 -1
160 -1
837 -2
153 -1
226 -3
926 -3
529 -3
610 -1
61 -1
588 -2
122 -2
321 -3
516 -3
484 -1
108 -2
657 -1
134 -1
890 -3
59 -3
974 -2
707 -3
949 -1
515 -1
946 -3
11 -3
493 -3
201 -3
892 -3
991 -1
750 -3
8 -2
230 -2
688 -2
673 -2
741 -2
334 -1
358 -3
666 -2
647 -3
517 -1
180 -3
104 -1
506 -2
273 -1
152 -3
459 -1
700 -3
572 -1
780 -2
789 -3
347 -2
251 -2
401 -3
760 -2
337 -1
551 -1
794 -1
428 -2
653 -3
51 -3
296 -3
463 -1
289 -3
230 -3
107 -1
548 -3
689 -1
541 -2
182 -2
331 -3
425 -2
433 -3
236 -1
158 -2
940 -3
671 -3
223 -3
518 -3
709 -1
801 -3
884 -3
785 -1
711 -1
472 -2
528 -2
701 -3
248 -1
452 -1
440 -1
91 -3
62 -2
660 -2
158 -2
115 -2
589 -2
749 -1
865 -3
925 -1
229 -3
697 -1
714 -1
73 -1
763 -2
110 -1
659 -2
73 -1
377 -1
399 -3
753 -1
647 -1
827 -1
750 -3
313 -2
501 -2
471 -1
910 -3
350 -2
712 -3
608 -2
967 -2
814 -2
451 -2
236 -2
154 -1
727 -1
54 -3
202 -1
368 -2
102 -3
54 -2
919 -1
11 -1
873 -2
952 -1
524 -1
628 -2
980 -2
330 -1
351 -3
584 -3
66 -3
30 -1
293 -2
502 -1
769 -1
919 -2
757 -3
431 -3
125 -2
125 -3
904 -1
230 -3
920 -3
810 -1
521 -2
965 -2
1 -3
109 -3
941 -3
137 -1
121 -1
983 -3
88 -2
979 -2
759 -2
798 -3
377 -1
400 -3
693 -1
642 -1
771 -2
244 -2
995 -3
928 -2
16 -2
631 -3
913 -1
65 -3
784 -3
581 -3
351 -3
688 -1
817 -3
685 -3
396 -1
139 -2
859 -2
732 -1
722 -1
54 -2
552 -1
452 -2
533 -2
739 -3
843 -2
645 -3
737 -2
200 -1
781 -1
317 -3
877 -2
997 -3
106 -1
422 -2
325 -1
12 -3
622 -1
461 -3
142 -2
626 -2
881 -2
144 -3
422 -3
72 -2
310 -2
266 -2
372 -3
612 -3
829 -3
312 -1
156 -1
130 -1
722 -1
649 -2
148 -1
244 -3
790 -2
201 -2
703 -1
808 -3
691 -3
904 -1
807 -3
599 -1
455 -3
99 -1
382 -3
367 -2
766 -3
708 -1
313 -3
127 -1
799 -1
769 -3
526 -3
700 -1
615 -2
76 -3
963 -2
587 -1
488 -2
26 -2
785 -2
485 -3
704 -2
820 -3
686 -2
326 -3
984 -1
192 -2
789 -1
499 -1
183 -1
867 -3
52 -3
784 -2
351 -2
167 -2
812 -2
371 -2
710 -3
840 -2
182 -2
862 -2
709 -2
752 -1
448 -1
941 -1
794 -3
316 -2
225 -2
211 -1
348 -3
699 -3
376 -1
645 -1
376 -2
66 -1
213 -1
858 -3
38 -2
43 -1
279 -2
803 -2
897 -3
593 -1
393 -2
155 -1
580 -1
114 -3
729 -2
111 -2
145 -3
978 -3
885 -1
396 -3
434 -3
106 -1
113 -2
237 -2
766 -3
46 -2
703 -3
834 -3
820 -1
70 -3
906 -1
141 -3
94 -1
293 -1
190 -3
907 -1
430 -2
665 -2
438 -2
398 -2
301 -2
726 -1
278 -3
453 -1
9 -1
75 -3
910 -2
354 -2
364 -1
426 -2
698 -1
125 -3
864 -3
590 -1
739 -1
699 -2
634 -2
533 -3
888 -2
178 -2
450 -3
464 -1
728 -1
516 -1
138 -2
645 -3
745 -2
131 -3
696 -1
577 -2
900 -1
346 -1
613 -2
650 -3
925 -2
202 -1
169 -1
208 -1
95 -3
448 -3
311 -2
958 -1
874 -2
183 -3
938 -2
493 -3
826 -1
201 -2
483 -3
917 -1
478 -2
177 -1
198 -1
763 -2
636 -3
165 -1
201 -3
568 -2
709 -3
380 -1
951 -1
92 -1
729 -1
35 -3
587 -1
78 -2
613 -3
930 -1
847 -1
2 -3
71 -2
26 -2
715 -2
588 -2
870 -2
829 -3
695 -2
817 -3
522 -1
210 -1
377 -2
409 -3
