0 23
1 24
2 35
3 35
4 34
5 53
6 54
7 46
8 13
9 30
10 37
11 36
12 7
13 39
14 8
15 23
16 35
17 26
18 35
19 30
20 54
21 39
22 8
23 30
24 33
25 52
26 17
27 30
28 43
29 46
30 19
31 28
32 28
33 39
34 32
35 37
36 50
37 56
38 27
39 23
40 40
41 37
42 33
43 14
44 12
45 24
46 24
47 54
48 13
49 49
50 40
51 26
52 24
53 39
54 50
55 50
56 40
57 26
58 51
59 34
60 60
61 24
62 16
63 27
64 51
65 18
66 32
67 35
68 33
69 20
70 26
71 42
72 12
73 25
74 45
75 40
76 42
77 9
78 42
79 34
80 42
81 30
82 33
83 25
84 17
85 22
86 12
87 27
88 63
89 28
90 33
91 37
92 30
93 40
94 18
95 31
96 47
97 40
98 25
99 23
100 41
101 49
102 17
103 35
104 54
105 28
106 30
107 53
108 43
109 33
110 19
111 70
112 37
113 34
114 23
115 16
116 37
117 32
118 43
119 32
120 30
121 15
122 33
123 10
124 23
125 30
126 22
127 32
128 31
129 32
130 28
131 26
132 32
133 34
134 45
135 56
136 35
137 39
138 39
139 41
140 46
141 37
142 25
143 37
144 29
145 24
146 38
147 23
148 50
149 50
150 17
151 38
152 46
153 23
154 46
155 35
156 46
157 19
158 67
159 59
160 21
161 40
162 25
163 41
164 50
165 21
166 57
167 42
168 53
169 48
170 11
171 27
172 29
173 54
174 32
175 47
176 43
177 41
178 38
179 49
180 55
181 26
182 32
183 37
184 39
185 31
186 48
187 59
188 46
189 41
190 25
191 13
192 27
193 33
194 51
195 29
196 16
197 19
198 29
199 37
200 36
201 16
202 21
203 31
204 50
205 28
206 43
207 43
208 29
209 18
210 19
211 27
212 34
213 32
214 43
215 32
216 48
217 58
218 26
219 55
220 30
221 30
222 45
223 34
224 50
225 48
226 44
227 34
228 32
229 33
230 19
231 54
232 36
233 36
234 34
235 33
236 28
237 33
238 23
239 38
240 19
241 34
242 32
243 35
244 21
245 26
246 28
247 40
248 26
249 23
250 66
251 44
252 23
253 40
254 69
255 7
256 18
257 30
258 11
259 49
260 28
261 29
262 56
263 31
264 32
265 56
266 51
267 39
268 34
269 34
270 19
271 32
272 18
273 37
274 21
275 20
276 14
277 28
278 22
279 15
280 27
281 33
282 49
283 21
284 36
285 47
286 13
287 35
288 33
289 28
290 50
291 34
292 32
293 42
294 34
295 35
296 31
297 36
298 13
299 33
300 34
301 32
302 37
303 18
304 45
305 45
306 41
307 16
308 54
309 29
310 56
311 35
312 44
313 36
314 21
315 34
316 53
317 20
318 35
319 57
320 47
321 13
322 44
323 27
324 44
325 16
326 25
327 47
328 25
329 9
330 11
331 28
332 20
333 44
334 40
335 25
336 35
337 50
338 33
339 25
340 32
341 26
342 28
343 39
344 29
345 46
346 54
347 16
348 27
349 27
350 36
351 27
352 27
353 30
354 33
355 31
356 26
357 14
358 33
359 40
360 32
361 40
362 32
363 12
364 37
365 18
366 62
367 34
368 18
369 58
370 40
371 47
372 40
373 37
374 23
375 39
376 53
377 32
378 43
379 10
380 33
381 18
382 15
383 12
384 17
385 51
386 6
387 46
388 47
389 19
390 55
391 46
392 58
393 46
394 36
395 22
396 55
397 24
398 30
399 31
400 35
401 46
402 35
403 43
404 16
405 5
406 28
407 49
408 43
409 8
410 45
411 22
412 32
413 24
414 28
415 41
416 32
417 34
418 55
419 30
420 34
421 44
422 45
423 30
424 30
425 23
426 23
427 47
428 36
429 25
430 24
431 45
432 32
433 31
434 25
435 18
436 25
437 33
438 30
439 25
440 29
441 51
442 39
443 51
444 34
445 37
446 9
447 61
448 31
449 68
450 37
451 33
452 36
453 33
454 48
455 41
456 62
457 41
458 38
459 40
460 32
461 28
462 35
463 29
464 47
465 31
466 50
467 45
468 50
469 35
470 10
471 23
472 51
473 36
474 28
475 34
476 23
477 41
478 25
479 54
480 39
481 25
482 45
483 61
484 31
485 42
486 31
487 19
488 48
489 8
490 58
491 18
492 7
493 34
494 27
495 30
496 53
497 28
498 40
499 33
500 23
501 39
502 21
503 35
504 36
505 35
506 45
507 54
508 38
509 30
510 60
511 25
512 17
513 76
514 45
515 37
516 24
517 35
518 56
519 39
520 31
521 18
522 14
523 28
524 29
525 18
526 26
527 15
528 52
529 43
530 40
531 36
532 49
533 30
534 11
535 29
536 35
537 21
538 44
539 5
540 30
541 33
542 34
543 33
544 48
545 28
546 65
547 15
548 20
549 36
550 39
551 20
552 47
553 36
554 40
555 22
556 33
557 60
558 52
559 30
560 43
561 19
562 33
563 37
564 35
565 59
566 24
567 21
568 19
569 19
570 33
571 38
572 51
573 22
574 27
575 25
576 66
577 26
578 45
579 41
580 14
581 38
582 46
583 16
584 37
585 25
586 32
587 54
588 24
589 25
590 29
591 36
592 77
593 47
594 53
595 31
596 29
597 31
598 52
599 20
600 67
601 35
602 9
603 26
604 40
605 51
606 19
607 30
608 25
609 35
610 29
611 70
612 22
613 23
614 17
615 34
616 45
617 29
618 32
619 23
620 19
621 31
622 45
623 24
624 20
625 23
626 49
627 24
628 7
629 35
630 43
631 24
632 30
633 10
634 9
635 20
636 45
637 26
638 21
639 12
640 36
641 20
642 52
643 34
644 31
645 51
646 29
647 32
648 66
649 39
650 44
651 29
652 31
653 26
654 42
655 35
656 40
657 35
658 27
659 44
660 38
661 33
662 23
663 31
664 31
665 23
666 10
667 33
668 53
669 18
670 13
671 33
672 57
673 31
674 25
675 39
676 58
677 31
678 30
679 49
680 22
681 63
682 16
683 27
684 28
685 30
686 27
687 34
688 2
689 41
690 42
691 50
692 47
693 15
694 30
695 24
696 19
697 50
698 21
699 17
700 43
701 59
702 34
703 44
704 20
705 34
706 17
707 51
708 51
709 34
710 46
711 44
712 35
713 31
714 38
715 20
716 17
717 35
718 40
719 8
720 36
721 30
722 19
723 65
724 31
725 36
726 37
727 25
728 29
729 25
730 32
731 30
732 45
733 40
734 41
735 53
736 34
737 26
738 18
739 11
740 33
741 20
742 59
743 13
744 44
745 36
746 61
747 22
748 34
749 18
750 44
751 41
752 48
753 55
754 39
755 35
756 31
757 19
758 36
759 22
760 35
761 56
762 57
763 21
764 30
765 16
766 33
767 6
768 34
769 25
770 20
771 16
772 54
773 30
774 33
775 30
776 35
777 33
778 17
779 43
780 47
781 41
782 44
783 73
784 38
785 26
786 27
787 35
788 27
789 28
790 56
791 49
792 36
793 61
794 43
795 32
796 19
797 44
798 47
799 45
800 35
801 24
802 31
803 40
804 57
805 25
806 17
807 50
808 19
809 28
810 46
811 27
812 26
813 52
814 32
815 41
816 15
817 22
818 33
819 34
820 22
821 29
822 25
823 45
824 18
825 54
826 19
827 40
828 29
829 35
830 47
831 44
832 30
833 34
834 33
835 28
836 48
837 13
838 25
839 25
840 27
841 81
842 59
843 32
844 54
845 39
846 37
847 35
848 31
849 36
850 15
851 27
852 37
853 13
854 51
855 24
856 15
857 49
858 21
859 15
860 43
861 34
862 34
863 25
864 37
865 31
866 52
867 44
868 30
869 35
870 26
871 32
872 33
873 36
874 35
875 39
876 26
877 23
878 50
879 64
880 28
881 20
882 61
883 39
884 54
885 17
886 32
887 28
888 29
889 20
890 29
891 33
892 36
893 56
894 12
895 21
896 35
897 35
898 38
899 27
900 40
901 39
902 34
903 13
904 29
905 18
906 56
907 38
908 54
909 52
910 46
911 49
912 27
913 25
914 49
915 9
916 23
917 57
918 53
919 9
920 21
921 14
922 26
923 28
924 29
925 39
926 39
927 28
928 25
929 21
930 50
931 44
932 13
933 45
934 30
935 66
936 18
937 30
938 57
939 27
940 42
941 37
942 46
943 23
944 17
945 30
946 42
947 51
948 13
949 45
950 44
951 8
952 37
953 36
954 44
955 25
956 27
957 38
958 37
959 48
960 49
961 32
962 39
963 40
964 44
965 24
966 35
967 44
968 34
969 28
970 53
971 39
972 39
973 52
974 53
975 44
976 43
977 22
978 50
979 10
980 33
981 56
982 44
983 45
984 48
985 21
986 27
987 35
988 38
989 24
990 68
991 33
992 13
993 31
994 44
995 39
996 37
997 32
998 32
999 29
